time	V(n001)	V(n003)
0.000000000000000e+00	0.000000e+00	0.000000e+00
2.671450453219161e-07	2.521005e-02	-1.042560e-07
5.342900906438321e-07	5.036598e-02	-2.415895e-08
8.014351359657482e-07	7.546779e-02	2.402911e-07
1.068580181287664e-06	1.005155e-01	6.890942e-07
1.335725226609580e-06	1.255090e-01	1.322250e-06
1.602870271931496e-06	1.504485e-01	2.139759e-06
1.870015317253412e-06	1.753338e-01	3.141622e-06
2.492518813914497e-06	2.327597e-01	7.366189e-06
3.280481928818913e-06	3.042758e-01	1.640349e-05
4.257044428818914e-06	3.905390e-01	3.432126e-05
5.233606928818914e-06	4.734961e-01	6.119575e-05
6.210169428818914e-06	5.524451e-01	9.907799e-05
7.186731928818914e-06	6.267174e-01	1.495235e-04
8.163294428818914e-06	6.956845e-01	2.139010e-04
9.139856928818915e-06	7.587625e-01	2.933839e-04
1.011641942881892e-05	8.154175e-01	3.889439e-04
1.109298192881892e-05	8.651698e-01	5.013459e-04
1.206954442881892e-05	9.075983e-01	6.311443e-04
1.304610692881892e-05	9.423438e-01	7.786812e-04
1.402266942881892e-05	9.691123e-01	9.440865e-04
1.499923192881892e-05	9.876770e-01	1.127279e-03
1.597579442881892e-05	9.978809e-01	1.327970e-03
1.695235692881892e-05	9.996375e-01	1.545669e-03
1.792891942881892e-05	9.929321e-01	1.779687e-03
1.890548192881892e-05	9.778212e-01	2.029148e-03
1.988204442881892e-05	9.544330e-01	2.292997e-03
2.085860692881893e-05	9.229653e-01	2.570013e-03
2.183516942881893e-05	8.836846e-01	2.858815e-03
2.281173192881893e-05	8.369234e-01	3.157885e-03
2.378829442881893e-05	7.830774e-01	3.465575e-03
2.476485692881893e-05	7.226025e-01	3.780125e-03
2.574141942881893e-05	6.560107e-01	4.099681e-03
2.671798192881893e-05	5.838657e-01	4.422311e-03
2.769454442881893e-05	5.067781e-01	4.746023e-03
2.867110692881893e-05	4.254006e-01	5.068782e-03
2.964766942881893e-05	3.404220e-01	5.388530e-03
3.062423192881893e-05	2.525616e-01	5.703208e-03
3.160079442881893e-05	1.625633e-01	6.010767e-03
3.257735692881894e-05	7.118883e-02	6.309192e-03
3.355391942881894e-05	-2.078825e-02	6.596521e-03
3.453048192881894e-05	-1.125894e-01	6.870858e-03
3.550704442881894e-05	-2.034374e-01	7.130395e-03
3.648360692881894e-05	-2.925633e-01	7.373425e-03
3.746016942881894e-05	-3.792126e-01	7.598359e-03
3.843673192881894e-05	-4.626517e-01	7.803741e-03
3.941329442881894e-05	-5.421745e-01	7.988258e-03
4.038985692881894e-05	-6.171077e-01	8.150756e-03
4.136641942881894e-05	-6.868169e-01	8.290248e-03
4.234298192881894e-05	-7.507122e-01	8.405926e-03
4.331954442881895e-05	-8.082525e-01	8.497162e-03
4.429610692881895e-05	-8.589507e-01	8.563522e-03
4.527266942881895e-05	-9.023779e-01	8.604768e-03
4.624923192881895e-05	-9.381663e-01	8.620856e-03
4.722579442881895e-05	-9.660129e-01	8.611944e-03
4.820235692881895e-05	-9.856821e-01	8.578384e-03
4.917891942881895e-05	-9.970073e-01	8.520728e-03
5.015548192881895e-05	-9.998927e-01	8.439716e-03
5.113204442881895e-05	-9.943137e-01	8.336276e-03
5.210860692881895e-05	-9.803178e-01	8.211512e-03
5.308516942881895e-05	-9.580233e-01	8.066699e-03
5.406173192881895e-05	-9.276190e-01	7.903269e-03
5.503829442881896e-05	-8.893622e-01	7.722806e-03
5.601485692881896e-05	-8.435768e-01	7.527024e-03
5.699141942881896e-05	-7.906504e-01	7.317758e-03
5.796798192881896e-05	-7.310310e-01	7.096951e-03
5.894454442881896e-05	-6.652233e-01	6.866631e-03
5.992110692881896e-05	-5.937844e-01	6.628902e-03
6.089766942881896e-05	-5.173190e-01	6.385922e-03
6.187423192881896e-05	-4.364744e-01	6.139883e-03
6.285079442881896e-05	-3.519349e-01	5.893000e-03
6.382735692881896e-05	-2.644163e-01	5.647486e-03
6.480391942881896e-05	-1.746594e-01	5.405536e-03
6.578048192881897e-05	-8.342388e-02	5.169308e-03
6.675704442881897e-05	8.517801e-03	4.940907e-03
6.773360692881897e-05	1.003874e-01	4.722365e-03
6.871016942881897e-05	1.914071e-01	4.515625e-03
6.968673192881897e-05	2.808066e-01	4.322525e-03
7.066329442881897e-05	3.678290e-01	4.144781e-03
7.163985692881897e-05	4.517377e-01	3.983978e-03
7.261641942881897e-05	5.318223e-01	3.841548e-03
7.359298192881897e-05	6.074050e-01	3.718766e-03
7.456954442881897e-05	6.778459e-01	3.616737e-03
7.554610692881897e-05	7.425486e-01	3.536383e-03
7.652266942881897e-05	8.009657e-01	3.478442e-03
7.749923192881898e-05	8.526024e-01	3.443456e-03
7.847579442881898e-05	8.970216e-01	3.431771e-03
7.945235692881898e-05	9.338474e-01	3.443532e-03
8.042891942881898e-05	9.627681e-01	3.478680e-03
8.140548192881898e-05	9.835387e-01	3.536958e-03
8.238204442881898e-05	9.959835e-01	3.617909e-03
8.335860692881898e-05	9.999971e-01	3.720879e-03
8.433516942881898e-05	9.955457e-01	3.845028e-03
8.531173192881898e-05	9.826667e-01	3.989332e-03
8.628829442881898e-05	9.614693e-01	4.152596e-03
8.726485692881898e-05	9.321329e-01	4.333461e-03
8.824141942881899e-05	8.949058e-01	4.530414e-03
8.921798192881899e-05	8.501032e-01	4.741807e-03
9.019454442881899e-05	7.981043e-01	4.965867e-03
9.117110692881899e-05	7.393494e-01	5.200712e-03
9.214766942881899e-05	6.743357e-01	5.444364e-03
9.312423192881899e-05	6.036137e-01	5.694772e-03
9.410079442881899e-05	5.277819e-01	5.949824e-03
9.507735692881899e-05	4.474824e-01	6.207368e-03
9.605391942881899e-05	3.633949e-01	6.465229e-03
9.703048192881899e-05	2.762312e-01	6.721227e-03
9.800704442881899e-05	1.867291e-01	6.973198e-03
9.898360692881899e-05	9.564635e-02	7.219008e-03
9.996016942881900e-05	3.753934e-03	7.456576e-03
1.009367319288190e-04	-8.817026e-02	7.683888e-03
1.019132944288190e-04	-1.793481e-01	7.899018e-03
1.028898569288190e-04	-2.690077e-01	8.100138e-03
1.038664194288190e-04	-3.563901e-01	8.285541e-03
1.048429819288190e-04	-4.407556e-01	8.453649e-03
1.058195444288190e-04	-5.213901e-01	8.603034e-03
1.067961069288190e-04	-5.976108e-01	8.732419e-03
1.077726694288190e-04	-6.687728e-01	8.840701e-03
1.087492319288190e-04	-7.342734e-01	8.926950e-03
1.097257944288190e-04	-7.935582e-01	8.990426e-03
1.107023569288190e-04	-8.461255e-01	9.030579e-03
1.116789194288190e-04	-8.915302e-01	9.047054e-03
1.126554819288190e-04	-9.293879e-01	9.039698e-03
1.136320444288190e-04	-9.593782e-01	9.008559e-03
1.146086069288190e-04	-9.812472e-01	8.953884e-03
1.155851694288190e-04	-9.948097e-01	8.876119e-03
1.165617319288190e-04	-9.999511e-01	8.775906e-03
1.175382944288190e-04	-9.966277e-01	8.654075e-03
1.185148569288190e-04	-9.848676e-01	8.511639e-03
1.194914194288190e-04	-9.647705e-01	8.349786e-03
1.204679819288190e-04	-9.365065e-01	8.169864e-03
1.214445444288190e-04	-9.003147e-01	7.973379e-03
1.224211069288190e-04	-8.565016e-01	7.761972e-03
1.233976694288190e-04	-8.054381e-01	7.537412e-03
1.243742319288190e-04	-7.475564e-01	7.301578e-03
1.253507944288190e-04	-6.833465e-01	7.056446e-03
1.263273569288190e-04	-6.133520e-01	6.804067e-03
1.273039194288190e-04	-5.381654e-01	6.546556e-03
1.282804819288190e-04	-4.584231e-01	6.286069e-03
1.292570444288190e-04	-3.748001e-01	6.024789e-03
1.302336069288190e-04	-2.880044e-01	5.764902e-03
1.312101694288190e-04	-1.987707e-01	5.508585e-03
1.321867319288190e-04	-1.078544e-01	5.257984e-03
1.331632944288190e-04	-1.602510e-02	5.015194e-03
1.341398569288190e-04	7.593988e-02	4.782246e-03
1.351164194288190e-04	1.672620e-01	4.561087e-03
1.360929819288190e-04	2.571683e-01	4.353563e-03
1.370695444288190e-04	3.448975e-01	4.161405e-03
1.380461069288190e-04	4.297072e-01	3.986214e-03
1.390226694288190e-04	5.108793e-01	3.829447e-03
1.399992319288190e-04	5.877267e-01	3.692403e-03
1.409757944288190e-04	6.595989e-01	3.576216e-03
1.419523569288190e-04	7.258875e-01	3.481844e-03
1.429289194288190e-04	7.860313e-01	3.410056e-03
1.439054819288190e-04	8.395213e-01	3.361436e-03
1.448820444288190e-04	8.859046e-01	3.336365e-03
1.458586069288190e-04	9.247885e-01	3.335028e-03
1.468351694288190e-04	9.558439e-01	3.357410e-03
1.478117319288190e-04	9.788079e-01	3.403293e-03
1.487882944288190e-04	9.934862e-01	3.472260e-03
1.497648569288190e-04	9.997544e-01	3.563700e-03
1.507414194288190e-04	9.975596e-01	3.676808e-03
1.517179819288190e-04	9.869202e-01	3.810601e-03
1.526945444288190e-04	9.679264e-01	3.963917e-03
1.536711069288190e-04	9.407389e-01	4.135428e-03
1.546476694288190e-04	9.055879e-01	4.323655e-03
1.556242319288190e-04	8.627710e-01	4.526975e-03
1.566007944288190e-04	8.126506e-01	4.743638e-03
1.575773569288190e-04	7.556509e-01	4.971780e-03
1.585539194288190e-04	6.922545e-01	5.209441e-03
1.595304819288190e-04	6.229980e-01	5.454581e-03
1.605070444288190e-04	5.484678e-01	5.705094e-03
1.614836069288191e-04	4.692947e-01	5.958831e-03
1.624601694288191e-04	3.861489e-01	6.213614e-03
1.634367319288191e-04	2.997343e-01	6.467257e-03
1.644132944288191e-04	2.107825e-01	6.717582e-03
1.653898569288191e-04	1.200463e-01	6.962441e-03
1.663664194288191e-04	2.829386e-02	7.199733e-03
1.673429819288191e-04	-6.369806e-02	7.427417e-03
1.683195444288191e-04	-1.551508e-01	7.643538e-03
1.692961069288191e-04	-2.452901e-01	7.846234e-03
1.702726694288191e-04	-3.333530e-01	8.033762e-03
1.712492319288191e-04	-4.185940e-01	8.204503e-03
1.722257944288191e-04	-5.002915e-01	8.356982e-03
1.732023569288191e-04	-5.777540e-01	8.489878e-03
1.741789194288191e-04	-6.503257e-01	8.602036e-03
1.751554819288191e-04	-7.173923e-01	8.692477e-03
1.761320444288191e-04	-7.783861e-01	8.760404e-03
1.771086069288191e-04	-8.327906e-01	8.805213e-03
1.780851694288191e-04	-8.801454e-01	8.826493e-03
1.790617319288191e-04	-9.200497e-01	8.824036e-03
1.800382944288191e-04	-9.521656e-01	8.797830e-03
1.810148569288191e-04	-9.762213e-01	8.748068e-03
1.819914194288191e-04	-9.920130e-01	8.675141e-03
1.829679819288191e-04	-9.994072e-01	8.579636e-03
1.839445444288191e-04	-9.983413e-01	8.462331e-03
1.849211069288191e-04	-9.888242e-01	8.324188e-03
1.858976694288191e-04	-9.709365e-01	8.166347e-03
1.868742319288191e-04	-9.448298e-01	7.990113e-03
1.878507944288191e-04	-9.107248e-01	7.796948e-03
1.888273569288191e-04	-8.689104e-01	7.588456e-03
1.898039194288191e-04	-8.197406e-01	7.366373e-03
1.907804819288191e-04	-7.636315e-01	7.132548e-03
1.917570444288191e-04	-7.010581e-01	6.888930e-03
1.927336069288191e-04	-6.325502e-01	6.637550e-03
1.937101694288191e-04	-5.586876e-01	6.380506e-03
1.946867319288191e-04	-4.800956e-01	6.119944e-03
1.956632944288191e-04	-3.974396e-01	5.858039e-03
1.966398569288191e-04	-3.114191e-01	5.596978e-03
1.976164194288191e-04	-2.227624e-01	5.338939e-03
1.985929819288191e-04	-1.322200e-01	5.086078e-03
1.995695444288191e-04	-4.055835e-02	4.840504e-03
2.005461069288191e-04	5.144664e-02	4.604266e-03
2.015226694288191e-04	1.430161e-01	4.379333e-03
2.024992319288191e-04	2.333750e-01	4.167578e-03
2.034757944288191e-04	3.217582e-01	3.970764e-03
2.044523569288191e-04	4.074178e-01	3.790527e-03
2.054289194288191e-04	4.896285e-01	3.628362e-03
2.064054819288191e-04	5.676944e-01	3.485611e-03
2.073820444288191e-04	6.409546e-01	3.363452e-03
2.083586069288191e-04	7.087891e-01	3.262889e-03
2.093351694288191e-04	7.706236e-01	3.184743e-03
2.103117319288191e-04	8.259345e-01	3.129646e-03
2.112882944288191e-04	8.742538e-01	3.098032e-03
2.122648569288191e-04	9.151725e-01	3.090140e-03
2.132414194288191e-04	9.483439e-01	3.106006e-03
2.142179819288191e-04	9.734876e-01	3.145465e-03
2.151945444288191e-04	9.903904e-01	3.208153e-03
2.161711069288191e-04	9.989095e-01	3.293510e-03
2.171476694288191e-04	9.989726e-01	3.400781e-03
2.181242319288191e-04	9.905792e-01	3.529029e-03
2.191007944288191e-04	9.738005e-01	3.677138e-03
2.200773569288191e-04	9.487783e-01	3.843824e-03
2.210539194288191e-04	9.157246e-01	4.027646e-03
2.220304819288191e-04	8.749191e-01	4.227017e-03
2.230070444288191e-04	8.267072e-01	4.440220e-03
2.239836069288191e-04	7.714971e-01	4.665419e-03
2.249601694288191e-04	7.097563e-01	4.900678e-03
2.259367319288191e-04	6.420071e-01	5.143974e-03
2.269132944288191e-04	5.688233e-01	5.393220e-03
2.278898569288191e-04	4.908243e-01	5.646274e-03
2.288664194288191e-04	4.086703e-01	5.900964e-03
2.298429819288191e-04	3.230570e-01	6.155104e-03
2.308195444288191e-04	2.347088e-01	6.406513e-03
2.317961069288191e-04	1.443739e-01	6.653032e-03
2.327726694288191e-04	5.281674e-02	6.892545e-03
2.337492319288191e-04	-3.918748e-02	7.122993e-03
2.347257944288191e-04	-1.308600e-01	7.342396e-03
2.357023569288191e-04	-2.214247e-01	7.548867e-03
2.366789194288191e-04	-3.101151e-01	7.740628e-03
2.376554819288191e-04	-3.961802e-01	7.916026e-03
2.386320444288191e-04	-4.788917e-01	8.073544e-03
2.396086069288191e-04	-5.575492e-01	8.211821e-03
2.405851694288191e-04	-6.314870e-01	8.329657e-03
2.415617319288191e-04	-7.000791e-01	8.426023e-03
2.425382944288191e-04	-7.627450e-01	8.500073e-03
2.435148569288191e-04	-8.189541e-01	8.551151e-03
2.444914194288191e-04	-8.682306e-01	8.578796e-03
2.454679819288191e-04	-9.101573e-01	8.582742e-03
2.464445444288191e-04	-9.443794e-01	8.562927e-03
2.474211069288191e-04	-9.706073e-01	8.519488e-03
2.483976694288191e-04	-9.886187e-01	8.452764e-03
2.493742319288191e-04	-9.982613e-01	8.363289e-03
2.503507944288191e-04	-9.994535e-01	8.251790e-03
2.513273569288191e-04	-9.921851e-01	8.119184e-03
2.523039194288191e-04	-9.765177e-01	7.966560e-03
2.532804819288191e-04	-9.525840e-01	7.795183e-03
2.542570444288191e-04	-9.205864e-01	7.606473e-03
2.552336069288191e-04	-8.807959e-01	7.401998e-03
2.562101694288191e-04	-8.335493e-01	7.183459e-03
2.571867319288191e-04	-7.792466e-01	6.952676e-03
2.581632944288191e-04	-7.183474e-01	6.711573e-03
2.591398569288191e-04	-6.513673e-01	6.462163e-03
2.601164194288191e-04	-5.788733e-01	6.206525e-03
2.610929819288191e-04	-5.014790e-01	5.946795e-03
2.620695444288191e-04	-4.198396e-01	5.685142e-03
2.630461069288191e-04	-3.346462e-01	5.423752e-03
2.640226694288191e-04	-2.466199e-01	5.164806e-03
2.649992319288191e-04	-1.565060e-01	4.910468e-03
2.659757944288191e-04	-6.506717e-02	4.662862e-03
2.669523569288191e-04	2.692242e-02	4.424053e-03
2.679289194288191e-04	1.186841e-01	4.196034e-03
2.689054819288191e-04	2.094411e-01	3.980706e-03
2.698820444288191e-04	2.984252e-01	3.779861e-03
2.708586069288191e-04	3.848830e-01	3.595171e-03
2.718351694288191e-04	4.680828e-01	3.428170e-03
2.728117319288191e-04	5.473201e-01	3.280242e-03
2.737882944288191e-04	6.219242e-01	3.152610e-03
2.747648569288191e-04	6.912637e-01	3.046324e-03
2.757414194288191e-04	7.547516e-01	2.962256e-03
2.767179819288191e-04	8.118502e-01	2.901088e-03
2.776945444288191e-04	8.620765e-01	2.863307e-03
2.786711069288191e-04	9.050052e-01	2.849205e-03
2.796476694288191e-04	9.402727e-01	2.858871e-03
2.806242319288191e-04	9.675808e-01	2.892195e-03
2.816007944288191e-04	9.866981e-01	2.948866e-03
2.825773569288191e-04	9.974629e-01	3.028373e-03
2.835539194288191e-04	9.997839e-01	3.130016e-03
2.845304819288191e-04	9.936416e-01	3.252904e-03
2.855070444288191e-04	9.790879e-01	3.395968e-03
2.864836069288191e-04	9.562462e-01	3.557967e-03
2.874601694288191e-04	9.253096e-01	3.737502e-03
2.884367319288191e-04	8.865401e-01	3.933024e-03
2.894132944288191e-04	8.402659e-01	4.142846e-03
2.903898569288191e-04	7.868787e-01	4.365167e-03
2.913664194288191e-04	7.268305e-01	4.598072e-03
2.923429819288191e-04	6.606295e-01	4.839563e-03
2.933195444288191e-04	5.888361e-01	5.087565e-03
2.942961069288191e-04	5.120582e-01	5.339951e-03
2.952726694288191e-04	4.309456e-01	5.594555e-03
2.962492319288191e-04	3.461850e-01	5.849192e-03
2.972257944288191e-04	2.584938e-01	6.101679e-03
2.982023569288191e-04	1.686145e-01	6.349848e-03
2.991789194288191e-04	7.730781e-02	6.591571e-03
3.001554819288191e-04	-1.465330e-02	6.824771e-03
3.011320444288191e-04	-1.064904e-01	7.047446e-03
3.021086069288191e-04	-1.974260e-01	7.257683e-03
3.030851694288191e-04	-2.866904e-01	7.453672e-03
3.040617319288191e-04	-3.735278e-01	7.633725e-03
3.050382944288192e-04	-4.572033e-01	7.796290e-03
3.060148569288192e-04	-5.370085e-01	7.939963e-03
3.069914194288192e-04	-6.122679e-01	8.063496e-03
3.079679819288192e-04	-6.823443e-01	8.165817e-03
3.089445444288192e-04	-7.466444e-01	8.246030e-03
3.099211069288192e-04	-8.046242e-01	8.303427e-03
3.108976694288192e-04	-8.557926e-01	8.337494e-03
3.118742319288192e-04	-8.997167e-01	8.347914e-03
3.128507944288192e-04	-9.360245e-01	8.334570e-03
3.138273569288192e-04	-9.644086e-01	8.297546e-03
3.148039194288192e-04	-9.846289e-01	8.237127e-03
3.157804819288192e-04	-9.965141e-01	8.153796e-03
3.167570444288192e-04	-9.999637e-01	8.048229e-03
3.177336069288192e-04	-9.949484e-01	7.921292e-03
3.187101694288192e-04	-9.815107e-01	7.774030e-03
3.196867319288192e-04	-9.597644e-01	7.607662e-03
3.206632944288192e-04	-9.298934e-01	7.423567e-03
3.216398569288192e-04	-8.921508e-01	7.223275e-03
3.226164194288192e-04	-8.468559e-01	7.008454e-03
3.235929819288192e-04	-7.943923e-01	6.780893e-03
3.245695444288192e-04	-7.352040e-01	6.542490e-03
3.255461069288192e-04	-6.697921e-01	6.295234e-03
3.265226694288192e-04	-5.987103e-01	6.041192e-03
3.274992319288192e-04	-5.225603e-01	5.782483e-03
3.284757944288192e-04	-4.419867e-01	5.521270e-03
3.294523569288192e-04	-3.576716e-01	5.259736e-03
3.304289194288192e-04	-2.703288e-01	5.000066e-03
3.314054819288192e-04	-1.806976e-01	4.744431e-03
3.323820444288192e-04	-8.953680e-02	4.494966e-03
3.333586069288192e-04	2.381978e-03	4.253753e-03
3.343351694288192e-04	9.428059e-02	4.022808e-03
3.353117319288192e-04	1.853811e-01	3.804056e-03
3.362882944288192e-04	2.749123e-01	3.599321e-03
3.372648569288192e-04	3.621164e-01	3.410309e-03
3.382414194288192e-04	4.462551e-01	3.238590e-03
3.392179819288192e-04	5.266161e-01	3.085590e-03
3.401945444288192e-04	6.025193e-01	2.952576e-03
3.411711069288192e-04	6.733220e-01	2.840646e-03
3.421476694288192e-04	7.384249e-01	2.750719e-03
3.431242319288192e-04	7.972770e-01	2.683528e-03
3.441007944288192e-04	8.493799e-01	2.639615e-03
3.450773569288192e-04	8.942927e-01	2.619322e-03
3.460539194288192e-04	9.316352e-01	2.622793e-03
3.470304819288192e-04	9.610912e-01	2.649971e-03
3.480070444288192e-04	9.824114e-01	2.700598e-03
3.489836069288192e-04	9.954154e-01	2.774216e-03
3.499601694288192e-04	9.999930e-01	2.870176e-03
3.509367319288192e-04	9.961054e-01	2.987636e-03
3.519132944288192e-04	9.837857e-01	3.125574e-03
3.528898569288192e-04	9.631380e-01	3.282795e-03
3.538664194288192e-04	9.343373e-01	3.457939e-03
3.548429819288192e-04	8.976271e-01	3.649496e-03
3.558195444288192e-04	8.533185e-01	3.855817e-03
3.567961069288192e-04	8.017863e-01	4.075127e-03
3.577726694288192e-04	7.434669e-01	4.305542e-03
3.587492319288192e-04	6.788539e-01	4.545083e-03
3.597257944288192e-04	6.084943e-01	4.791695e-03
3.607023569288192e-04	5.329837e-01	5.043262e-03
3.616789194288192e-04	4.529613e-01	5.297627e-03
3.626554819288192e-04	3.691044e-01	5.552609e-03
3.636320444288192e-04	2.821231e-01	5.806021e-03
3.646086069288192e-04	1.927536e-01	6.055691e-03
3.655851694288192e-04	1.017523e-01	6.299478e-03
3.665617319288192e-04	9.889705e-03	6.535289e-03
3.675382944288192e-04	-8.205662e-02	6.761102e-03
3.685148569288192e-04	-1.733083e-01	6.974976e-03
3.694914194288192e-04	-2.630929e-01	7.175073e-03
3.704679819288192e-04	-3.506504e-01	7.359673e-03
3.714445444288192e-04	-4.352396e-01	7.527184e-03
3.724211069288192e-04	-5.161444e-01	7.676161e-03
3.733976694288192e-04	-5.926799e-01	7.805316e-03
3.743742319288192e-04	-6.641983e-01	7.913527e-03
3.753507944288192e-04	-7.300942e-01	7.999851e-03
3.763273569288192e-04	-7.898096e-01	8.063531e-03
3.773039194288192e-04	-8.428392e-01	8.103997e-03
3.782804819288192e-04	-8.887341e-01	8.120880e-03
3.792570444288192e-04	-9.271057e-01	8.114012e-03
3.802336069288192e-04	-9.576291e-01	8.083421e-03
3.812101694288192e-04	-9.800460e-01	8.029340e-03
3.821867319288192e-04	-9.941667e-01	7.952198e-03
3.831632944288192e-04	-9.998716e-01	7.852621e-03
3.841398569288192e-04	-9.971124e-01	7.731427e-03
3.851164194288192e-04	-9.859125e-01	7.589610e-03
3.860929819288192e-04	-9.663666e-01	7.428347e-03
3.870695444288192e-04	-9.386404e-01	7.248973e-03
3.880461069288192e-04	-9.029683e-01	7.052980e-03
3.890226694288192e-04	-8.596525e-01	6.842001e-03
3.899992319288192e-04	-8.090596e-01	6.617793e-03
3.909757944288192e-04	-7.516178e-01	6.382227e-03
3.919523569288192e-04	-6.878135e-01	6.137270e-03
3.929289194288192e-04	-6.181867e-01	5.884970e-03
3.939054819288192e-04	-5.433268e-01	5.627432e-03
3.948820444288192e-04	-4.638676e-01	5.366811e-03
3.958586069288192e-04	-3.804817e-01	5.105286e-03
3.968351694288192e-04	-2.938749e-01	4.845043e-03
3.978117319288192e-04	-2.047805e-01	4.588258e-03
3.987882944288192e-04	-1.139525e-01	4.337078e-03
3.997648569288192e-04	-2.215990e-02	4.093602e-03
4.007414194288192e-04	6.982028e-02	3.859863e-03
4.017179819288192e-04	1.612094e-01	3.637813e-03
4.026945444288192e-04	2.512339e-01	3.429305e-03
4.036711069288192e-04	3.391316e-01	3.236076e-03
4.046476694288192e-04	4.241586e-01	3.059736e-03
4.056242319288192e-04	5.055949e-01	2.901750e-03
4.066007944288192e-04	5.827513e-01	2.763428e-03
4.075773569288192e-04	6.549746e-01	2.645914e-03
4.085539194288192e-04	7.216535e-01	2.550176e-03
4.095304819288192e-04	7.822234e-01	2.476998e-03
4.105070444288192e-04	8.361717e-01	2.426971e-03
4.114836069288192e-04	8.830416e-01	2.400493e-03
4.124601694288192e-04	9.224365e-01	2.397760e-03
4.134367319288192e-04	9.540227e-01	2.418768e-03
4.144132944288192e-04	9.775330e-01	2.463314e-03
4.153898569288192e-04	9.927683e-01	2.530993e-03
4.163664194288192e-04	9.995996e-01	2.621205e-03
4.173429819288193e-04	9.979692e-01	2.733159e-03
4.183195444288193e-04	9.878908e-01	2.865881e-03
4.192961069288193e-04	9.694497e-01	3.018221e-03
4.202726694288193e-04	9.428021e-01	3.188862e-03
4.212492319288193e-04	9.081735e-01	3.376334e-03
4.222257944288193e-04	8.658570e-01	3.579021e-03
4.232023569288193e-04	8.162109e-01	3.795182e-03
4.241789194288193e-04	7.596555e-01	4.022960e-03
4.251554819288193e-04	6.966694e-01	4.260400e-03
4.261320444288193e-04	6.277859e-01	4.505466e-03
4.271086069288193e-04	5.535881e-01	4.756055e-03
4.280851694288193e-04	4.747041e-01	5.010021e-03
4.290617319288193e-04	3.918016e-01	5.265187e-03
4.300382944288193e-04	3.055825e-01	5.519365e-03
4.310148569288193e-04	2.167765e-01	5.770378e-03
4.319914194288193e-04	1.261355e-01	6.016075e-03
4.329679819288193e-04	3.442676e-02	6.254347e-03
4.339445444288193e-04	-5.757343e-02	6.483153e-03
4.349211069288193e-04	-1.490863e-01	6.700529e-03
4.358976694288193e-04	-2.393370e-01	6.904607e-03
4.368742319288193e-04	-3.275618e-01	7.093634e-03
4.378507944288193e-04	-4.130137e-01	7.265984e-03
4.388273569288193e-04	-4.949693e-01	7.420170e-03
4.398039194288193e-04	-5.727350e-01	7.554861e-03
4.407804819288193e-04	-6.456524e-01	7.668890e-03
4.417570444288193e-04	-7.131041e-01	7.761266e-03
4.427336069288193e-04	-7.745194e-01	7.831179e-03
4.437101694288193e-04	-8.293782e-01	7.878013e-03
4.446867319288193e-04	-8.772162e-01	7.901344e-03
4.456632944288193e-04	-9.176283e-01	7.900947e-03
4.466398569288193e-04	-9.502727e-01	7.876800e-03
4.476164194288193e-04	-9.748728e-01	7.829082e-03
4.485929819288193e-04	-9.912204e-01	7.758169e-03
4.495695444288193e-04	-9.991772e-01	7.664636e-03
4.505461069288193e-04	-9.986758e-01	7.549248e-03
4.515226694288193e-04	-9.897203e-01	7.412956e-03
4.524992319288193e-04	-9.723868e-01	7.256886e-03
4.534757944288193e-04	-9.468219e-01	7.082334e-03
4.544523569288193e-04	-9.132419e-01	6.890752e-03
4.554289194288193e-04	-8.719312e-01	6.683734e-03
4.564054819288193e-04	-8.232394e-01	6.463007e-03
4.573820444288193e-04	-7.675788e-01	6.230413e-03
4.583586069288193e-04	-7.054204e-01	5.987896e-03
4.593351694288193e-04	-6.372907e-01	5.737481e-03
4.603117319288193e-04	-5.637661e-01	5.481263e-03
4.612882944288193e-04	-4.854691e-01	5.221383e-03
4.622648569288193e-04	-4.030625e-01	4.960017e-03
4.632414194288193e-04	-3.172440e-01	4.699350e-03
4.642179819288193e-04	-2.287399e-01	4.441563e-03
4.651945444288193e-04	-1.382995e-01	4.188812e-03
4.661711069288193e-04	-4.668843e-02	3.943210e-03
4.671476694288193e-04	4.531792e-02	3.706811e-03
4.681242319288193e-04	1.369406e-01	3.481590e-03
4.691007944288193e-04	2.274041e-01	3.269427e-03
4.700773569288193e-04	3.159426e-01	3.072092e-03
4.710539194288193e-04	4.018066e-01	2.891229e-03
4.720304819288193e-04	4.842692e-01	2.728345e-03
4.730070444288193e-04	5.626324e-01	2.584791e-03
4.739836069288193e-04	6.362328e-01	2.461757e-03
4.749601694288193e-04	7.044474e-01	2.360258e-03
4.759367319288193e-04	7.666987e-01	2.281128e-03
4.769132944288193e-04	8.224598e-01	2.225011e-03
4.778898569288193e-04	8.712586e-01	2.192355e-03
4.788664194288193e-04	9.126821e-01	2.183413e-03
4.798429819288193e-04	9.463795e-01	2.198232e-03
4.808195444288193e-04	9.720657e-01	2.236662e-03
4.817961069288193e-04	9.895232e-01	2.298353e-03
4.827726694288193e-04	9.986042e-01	2.382755e-03
4.837492319288193e-04	9.992319e-01	2.489129e-03
4.847257944288193e-04	9.914008e-01	2.616548e-03
4.857023569288193e-04	9.751775e-01	2.763909e-03
4.866789194288193e-04	9.506990e-01	2.929937e-03
4.876554819288193e-04	9.181728e-01	3.113202e-03
4.886320444288193e-04	8.778740e-01	3.312126e-03
4.896086069288193e-04	8.301439e-01	3.525001e-03
4.905851694288193e-04	7.753865e-01	3.749997e-03
4.915617319288193e-04	7.140653e-01	3.985186e-03
4.925382944288193e-04	6.466994e-01	4.228550e-03
4.935148569288193e-04	5.738591e-01	4.478004e-03
4.944914194288193e-04	4.961610e-01	4.731410e-03
4.954679819288193e-04	4.142628e-01	4.986599e-03
4.964445444288193e-04	3.288577e-01	5.241382e-03
4.974211069288193e-04	2.406689e-01	5.493580e-03
4.983976694288193e-04	1.504427e-01	5.741031e-03
4.993742319288193e-04	5.894307e-02	5.981615e-03
5.003507944288193e-04	-3.305557e-02	6.213269e-03
5.013273569288193e-04	-1.247744e-01	6.434008e-03
5.023039194288193e-04	-2.154370e-01	6.641936e-03
5.032804819288193e-04	-3.042758e-01	6.835271e-03
5.042570444288193e-04	-3.905390e-01	7.012347e-03
5.052336069288193e-04	-4.734961e-01	7.171641e-03
5.062101694288193e-04	-5.524451e-01	7.311780e-03
5.071867319288193e-04	-6.267174e-01	7.431551e-03
5.081632944288193e-04	-6.956845e-01	7.529915e-03
5.091398569288193e-04	-7.587625e-01	7.606015e-03
5.101164194288193e-04	-8.154175e-01	7.659180e-03
5.110929819288193e-04	-8.651698e-01	7.688936e-03
5.120695444288193e-04	-9.075983e-01	7.695005e-03
5.130461069288193e-04	-9.423438e-01	7.677310e-03
5.140226694288193e-04	-9.691123e-01	7.635976e-03
5.149992319288193e-04	-9.876770e-01	7.571328e-03
5.159757944288193e-04	-9.978809e-01	7.483887e-03
5.169523569288193e-04	-9.996375e-01	7.374369e-03
5.179289194288193e-04	-9.929321e-01	7.243674e-03
5.189054819288193e-04	-9.778212e-01	7.092886e-03
5.198820444288193e-04	-9.544330e-01	6.923254e-03
5.208586069288193e-04	-9.229653e-01	6.736189e-03
5.218351694288193e-04	-8.836846e-01	6.533250e-03
5.228117319288193e-04	-8.369234e-01	6.316130e-03
5.237882944288193e-04	-7.830774e-01	6.086641e-03
5.247648569288193e-04	-7.226025e-01	5.846702e-03
5.257414194288193e-04	-6.560107e-01	5.598317e-03
5.267179819288193e-04	-5.838657e-01	5.343565e-03
5.276945444288193e-04	-5.067781e-01	5.084576e-03
5.286711069288193e-04	-4.254006e-01	4.823519e-03
5.296476694288193e-04	-3.404220e-01	4.562578e-03
5.306242319288193e-04	-2.525616e-01	4.303937e-03
5.316007944288193e-04	-1.625633e-01	4.049760e-03
5.325773569288193e-04	-7.118883e-02	3.802174e-03
5.335539194288193e-04	2.078825e-02	3.563250e-03
5.345304819288193e-04	1.125894e-01	3.334986e-03
5.355070444288193e-04	2.034374e-01	3.119288e-03
5.364836069288193e-04	2.925633e-01	2.917958e-03
5.374601694288193e-04	3.792126e-01	2.732676e-03
5.384367319288193e-04	4.626517e-01	2.564983e-03
5.394132944288193e-04	5.421745e-01	2.416276e-03
5.403898569288193e-04	6.171077e-01	2.287789e-03
5.413664194288193e-04	6.868169e-01	2.180584e-03
5.423429819288193e-04	7.507122e-01	2.095543e-03
5.433195444288193e-04	8.082525e-01	2.033362e-03
5.442961069288193e-04	8.589507e-01	1.994542e-03
5.452726694288193e-04	9.023779e-01	1.979388e-03
5.462492319288193e-04	9.381663e-01	1.988002e-03
5.472257944288193e-04	9.660129e-01	2.020287e-03
5.482023569288193e-04	9.856821e-01	2.075945e-03
5.491789194288193e-04	9.970073e-01	2.154480e-03
5.501554819288193e-04	9.998927e-01	2.255202e-03
5.511320444288193e-04	9.943137e-01	2.377234e-03
5.521086069288193e-04	9.803178e-01	2.519519e-03
5.530851694288193e-04	9.580233e-01	2.680827e-03
5.540617319288193e-04	9.276190e-01	2.859768e-03
5.550382944288193e-04	8.893622e-01	3.054802e-03
5.560148569288193e-04	8.435768e-01	3.264255e-03
5.569914194288193e-04	7.906504e-01	3.486328e-03
5.579679819288193e-04	7.310310e-01	3.719116e-03
5.589445444288193e-04	6.652233e-01	3.960626e-03
5.599211069288193e-04	5.937844e-01	4.208786e-03
5.608976694288193e-04	5.173190e-01	4.461474e-03
5.618742319288193e-04	4.364744e-01	4.716524e-03
5.628507944288193e-04	3.519349e-01	4.971753e-03
5.638273569288193e-04	2.644163e-01	5.224976e-03
5.648039194288193e-04	1.746594e-01	5.474025e-03
5.657804819288193e-04	8.342388e-02	5.716768e-03
5.667570444288193e-04	-8.517801e-03	5.951124e-03
5.677336069288193e-04	-1.003874e-01	6.175086e-03
5.687101694288193e-04	-1.914071e-01	6.386734e-03
5.696867319288193e-04	-2.808066e-01	6.584250e-03
5.706632944288193e-04	-3.678290e-01	6.765939e-03
5.716398569288193e-04	-4.517377e-01	6.930239e-03
5.726164194288193e-04	-5.318223e-01	7.075734e-03
5.735929819288193e-04	-6.074050e-01	7.201168e-03
5.745695444288193e-04	-6.778459e-01	7.305455e-03
5.755461069288193e-04	-7.425486e-01	7.387688e-03
5.765226694288193e-04	-8.009657e-01	7.447146e-03
5.774992319288193e-04	-8.526024e-01	7.483302e-03
5.784757944288193e-04	-8.970216e-01	7.495826e-03
5.794523569288193e-04	-9.338474e-01	7.484586e-03
5.804289194288193e-04	-9.627681e-01	7.449655e-03
5.814054819288193e-04	-9.835387e-01	7.391302e-03
5.823820444288193e-04	-9.959835e-01	7.309999e-03
5.833586069288193e-04	-9.999971e-01	7.206410e-03
5.843351694288193e-04	-9.955457e-01	7.081386e-03
5.853117319288193e-04	-9.826667e-01	6.935962e-03
5.862882944288193e-04	-9.614693e-01	6.771345e-03
5.872648569288193e-04	-9.321329e-01	6.588904e-03
5.882414194288193e-04	-8.949058e-01	6.390160e-03
5.892179819288193e-04	-8.501032e-01	6.176771e-03
5.901945444288193e-04	-7.981043e-01	5.950518e-03
5.911711069288194e-04	-7.393494e-01	5.713293e-03
5.921476694288194e-04	-6.743357e-01	5.467081e-03
5.931242319288194e-04	-6.036137e-01	5.213942e-03
5.941007944288194e-04	-5.277819e-01	4.955993e-03
5.950773569288194e-04	-4.474824e-01	4.695396e-03
5.960539194288194e-04	-3.633949e-01	4.434330e-03
5.970304819288194e-04	-2.762312e-01	4.174984e-03
5.980070444288194e-04	-1.867291e-01	3.919528e-03
5.989836069288194e-04	-9.564635e-02	3.670100e-03
5.999601694288194e-04	-3.753934e-03	3.428788e-03
6.009367319288194e-04	8.817026e-02	3.197611e-03
6.019132944288194e-04	1.793481e-01	2.978502e-03
6.028898569288194e-04	2.690077e-01	2.773292e-03
6.038664194288194e-04	3.563901e-01	2.583693e-03
6.048429819288194e-04	4.407556e-01	2.411288e-03
6.058195444288194e-04	5.213901e-01	2.257511e-03
6.067961069288194e-04	5.976108e-01	2.123641e-03
6.077726694288194e-04	6.687728e-01	2.010786e-03
6.087492319288194e-04	7.342734e-01	1.919879e-03
6.097257944288194e-04	7.935582e-01	1.851665e-03
6.107023569288194e-04	8.461255e-01	1.806698e-03
6.116789194288194e-04	8.915302e-01	1.785334e-03
6.126554819288194e-04	9.293879e-01	1.787731e-03
6.136320444288194e-04	9.593782e-01	1.813844e-03
6.146086069288194e-04	9.812472e-01	1.863429e-03
6.155851694288194e-04	9.948097e-01	1.936042e-03
6.165617319288194e-04	9.999511e-01	2.031045e-03
6.175382944288194e-04	9.966277e-01	2.147611e-03
6.185148569288194e-04	9.848676e-01	2.284727e-03
6.194914194288194e-04	9.647705e-01	2.441211e-03
6.204679819288194e-04	9.365065e-01	2.615714e-03
6.214445444288194e-04	9.003147e-01	2.806734e-03
6.224211069288194e-04	8.565016e-01	3.012632e-03
6.233976694288194e-04	8.054381e-01	3.231640e-03
6.243742319288194e-04	7.475564e-01	3.461882e-03
6.253507944288194e-04	6.833465e-01	3.701383e-03
6.263273569288194e-04	6.133520e-01	3.948095e-03
6.273039194288194e-04	5.381654e-01	4.199904e-03
6.282804819288194e-04	4.584231e-01	4.454656e-03
6.292570444288194e-04	3.748001e-01	4.710170e-03
6.302336069288194e-04	2.880044e-01	4.964259e-03
6.312101694288194e-04	1.987707e-01	5.214750e-03
6.321867319288194e-04	1.078544e-01	5.459498e-03
6.331632944288194e-04	1.602510e-02	5.696408e-03
6.341398569288194e-04	-7.593988e-02	5.923452e-03
6.351164194288194e-04	-1.672620e-01	6.138684e-03
6.360929819288194e-04	-2.571683e-01	6.340258e-03
6.370695444288194e-04	-3.448975e-01	6.526444e-03
6.380461069288194e-04	-4.297072e-01	6.695644e-03
6.390226694288194e-04	-5.108793e-01	6.846400e-03
6.399992319288194e-04	-5.877267e-01	6.977415e-03
6.409757944288194e-04	-6.595989e-01	7.087555e-03
6.419523569288194e-04	-7.258875e-01	7.175865e-03
6.429289194288194e-04	-7.860313e-01	7.241573e-03
6.439054819288194e-04	-8.395213e-01	7.284101e-03
6.448820444288194e-04	-8.859046e-01	7.303065e-03
6.458586069288194e-04	-9.247885e-01	7.298280e-03
6.468351694288194e-04	-9.558439e-01	7.269766e-03
6.478117319288194e-04	-9.788079e-01	7.217738e-03
6.487882944288194e-04	-9.934862e-01	7.142616e-03
6.497648569288194e-04	-9.997544e-01	7.045010e-03
6.507414194288194e-04	-9.975596e-01	6.925725e-03
6.517179819288194e-04	-9.869202e-01	6.785747e-03
6.526945444288194e-04	-9.679264e-01	6.626238e-03
6.536711069288194e-04	-9.407389e-01	6.448524e-03
6.546476694288194e-04	-9.055879e-01	6.254087e-03
6.556242319288194e-04	-8.627710e-01	6.044550e-03
6.566007944288194e-04	-8.126506e-01	5.821664e-03
6.575773569288194e-04	-7.556509e-01	5.587291e-03
6.585539194288194e-04	-6.922545e-01	5.343393e-03
6.595304819288194e-04	-6.229980e-01	5.092012e-03
6.605070444288194e-04	-5.484678e-01	4.835253e-03
6.614836069288194e-04	-4.692947e-01	4.575265e-03
6.624601694288194e-04	-3.861489e-01	4.314226e-03
6.634367319288194e-04	-2.997343e-01	4.054324e-03
6.644132944288194e-04	-2.107825e-01	3.797736e-03
6.653898569288194e-04	-1.200463e-01	3.546610e-03
6.663664194288194e-04	-2.829386e-02	3.303049e-03
6.673429819288194e-04	6.369806e-02	3.069092e-03
6.683195444288194e-04	1.551508e-01	2.846697e-03
6.692961069288194e-04	2.452901e-01	2.637723e-03
6.702726694288194e-04	3.333530e-01	2.443917e-03
6.712492319288194e-04	4.185940e-01	2.266895e-03
6.722257944288194e-04	5.002915e-01	2.108134e-03
6.732023569288194e-04	5.777540e-01	1.968955e-03
6.741789194288194e-04	6.503257e-01	1.850513e-03
6.751554819288194e-04	7.173923e-01	1.753788e-03
6.761320444288194e-04	7.783861e-01	1.679575e-03
6.771086069288194e-04	8.327906e-01	1.628480e-03
6.780851694288194e-04	8.801454e-01	1.600913e-03
6.790617319288194e-04	9.200497e-01	1.597085e-03
6.800382944288194e-04	9.521656e-01	1.617004e-03
6.810148569288194e-04	9.762213e-01	1.660480e-03
6.819914194288194e-04	9.920130e-01	1.727121e-03
6.829679819288194e-04	9.994072e-01	1.816342e-03
6.839445444288194e-04	9.983413e-01	1.927363e-03
6.849211069288194e-04	9.888242e-01	2.059222e-03
6.858976694288194e-04	9.709365e-01	2.210781e-03
6.868742319288194e-04	9.448298e-01	2.380733e-03
6.878507944288194e-04	9.107248e-01	2.567618e-03
6.888273569288194e-04	8.689104e-01	2.769830e-03
6.898039194288194e-04	8.197406e-01	2.985636e-03
6.907804819288194e-04	7.636315e-01	3.213185e-03
6.917570444288194e-04	7.010581e-01	3.450529e-03
6.927336069288194e-04	6.325502e-01	3.695637e-03
6.937101694288194e-04	5.586876e-01	3.946410e-03
6.946867319288194e-04	4.800956e-01	4.200703e-03
6.956632944288194e-04	3.974396e-01	4.456340e-03
6.966398569288194e-04	3.114191e-01	4.711137e-03
6.976164194288194e-04	2.227624e-01	4.962912e-03
6.985929819288194e-04	1.322200e-01	5.209512e-03
6.995695444288194e-04	4.055835e-02	5.448828e-03
7.005461069288194e-04	-5.144664e-02	5.678810e-03
7.015226694288194e-04	-1.430161e-01	5.897489e-03
7.024992319288194e-04	-2.333750e-01	6.102992e-03
7.034757944288195e-04	-3.217582e-01	6.293557e-03
7.044523569288195e-04	-4.074178e-01	6.467547e-03
7.054289194288195e-04	-4.896285e-01	6.623469e-03
7.064054819288195e-04	-5.676944e-01	6.759979e-03
7.073820444288195e-04	-6.409546e-01	6.875900e-03
7.083586069288195e-04	-7.087891e-01	6.970226e-03
7.093351694288195e-04	-7.706236e-01	7.042139e-03
7.103117319288195e-04	-8.259345e-01	7.091007e-03
7.112882944288195e-04	-8.742538e-01	7.116393e-03
7.122648569288195e-04	-9.151725e-01	7.118061e-03
7.132414194288195e-04	-9.483439e-01	7.095973e-03
7.142179819288195e-04	-9.734876e-01	7.050296e-03
7.151945444288195e-04	-9.903904e-01	6.981392e-03
7.161711069288195e-04	-9.989095e-01	6.889824e-03
7.171476694288195e-04	-9.989726e-01	6.776343e-03
7.181242319288195e-04	-9.905792e-01	6.641889e-03
7.191007944288195e-04	-9.738005e-01	6.487576e-03
7.200773569288195e-04	-9.487783e-01	6.314690e-03
7.210539194288195e-04	-9.157246e-01	6.124672e-03
7.220304819288195e-04	-8.749191e-01	5.919107e-03
7.230070444288195e-04	-8.267072e-01	5.699714e-03
7.239836069288195e-04	-7.714971e-01	5.468328e-03
7.249601694288195e-04	-7.097563e-01	5.226885e-03
7.259367319288195e-04	-6.420071e-01	4.977408e-03
7.269132944288195e-04	-5.688233e-01	4.721985e-03
7.278898569288195e-04	-4.908243e-01	4.462757e-03
7.288664194288195e-04	-4.086703e-01	4.201896e-03
7.298429819288195e-04	-3.230570e-01	3.941589e-03
7.308195444288195e-04	-2.347088e-01	3.684017e-03
7.317961069288195e-04	-1.443739e-01	3.431337e-03
7.327726694288195e-04	-5.281674e-02	3.185668e-03
7.337492319288195e-04	3.918748e-02	2.949066e-03
7.347257944288195e-04	1.308600e-01	2.723512e-03
7.357023569288195e-04	2.214247e-01	2.510894e-03
7.366789194288195e-04	3.101151e-01	2.312990e-03
7.376554819288195e-04	3.961802e-01	2.131453e-03
7.386320444288195e-04	4.788917e-01	1.967798e-03
7.396086069288195e-04	5.575492e-01	1.823388e-03
7.405851694288195e-04	6.314870e-01	1.699423e-03
7.415617319288195e-04	7.000791e-01	1.596931e-03
7.425382944288195e-04	7.627450e-01	1.516758e-03
7.435148569288195e-04	8.189541e-01	1.459561e-03
7.444914194288195e-04	8.682306e-01	1.425801e-03
7.454679819288195e-04	9.101573e-01	1.415743e-03
7.464445444288195e-04	9.443794e-01	1.429450e-03
7.474211069288195e-04	9.706073e-01	1.466784e-03
7.483976694288195e-04	9.886187e-01	1.527407e-03
7.493742319288195e-04	9.982613e-01	1.610785e-03
7.503507944288195e-04	9.994535e-01	1.716189e-03
7.513273569288195e-04	9.921851e-01	1.842706e-03
7.523039194288195e-04	9.765177e-01	1.989242e-03
7.532804819288195e-04	9.525840e-01	2.154535e-03
7.542570444288195e-04	9.205864e-01	2.337166e-03
7.552336069288195e-04	8.807959e-01	2.535565e-03
7.562101694288195e-04	8.335493e-01	2.748031e-03
7.571867319288195e-04	7.792466e-01	2.972745e-03
7.581632944288195e-04	7.183474e-01	3.207782e-03
7.591398569288195e-04	6.513673e-01	3.451131e-03
7.601164194288195e-04	5.788733e-01	3.700710e-03
7.610929819288195e-04	5.014790e-01	3.954385e-03
7.620695444288195e-04	4.198396e-01	4.209987e-03
7.630461069288195e-04	3.346462e-01	4.465330e-03
7.640226694288195e-04	2.466199e-01	4.718232e-03
7.649992319288195e-04	1.565060e-01	4.966530e-03
7.659757944288195e-04	6.506717e-02	5.208099e-03
7.669523569288195e-04	-2.692242e-02	5.440875e-03
7.679289194288195e-04	-1.186841e-01	5.662865e-03
7.689054819288195e-04	-2.094411e-01	5.872167e-03
7.698820444288195e-04	-2.984252e-01	6.066989e-03
7.708586069288195e-04	-3.848830e-01	6.245661e-03
7.718351694288195e-04	-4.680828e-01	6.406647e-03
7.728117319288195e-04	-5.473201e-01	6.548563e-03
7.737882944288195e-04	-6.219242e-01	6.670188e-03
7.747648569288195e-04	-6.912637e-01	6.770469e-03
7.757414194288195e-04	-7.547516e-01	6.848537e-03
7.767179819288195e-04	-8.118502e-01	6.903709e-03
7.776945444288195e-04	-8.620765e-01	6.935496e-03
7.786711069288195e-04	-9.050052e-01	6.943609e-03
7.796476694288195e-04	-9.402727e-01	6.927956e-03
7.806242319288195e-04	-9.675808e-01	6.888649e-03
7.816007944288195e-04	-9.866981e-01	6.826000e-03
7.825773569288195e-04	-9.974629e-01	6.740517e-03
7.835539194288195e-04	-9.997839e-01	6.632903e-03
7.845304819288195e-04	-9.936416e-01	6.504047e-03
7.855070444288195e-04	-9.790879e-01	6.355019e-03
7.864836069288195e-04	-9.562462e-01	6.187059e-03
7.874601694288195e-04	-9.253096e-01	6.001567e-03
7.884367319288195e-04	-8.865401e-01	5.800092e-03
7.894132944288195e-04	-8.402659e-01	5.584319e-03
7.903898569288195e-04	-7.868787e-01	5.356053e-03
7.913664194288195e-04	-7.268305e-01	5.117205e-03
7.923429819288195e-04	-6.606295e-01	4.869775e-03
7.933195444288195e-04	-5.888361e-01	4.615837e-03
7.942961069288195e-04	-5.120582e-01	4.357519e-03
7.952726694288195e-04	-4.309456e-01	4.096987e-03
7.962492319288195e-04	-3.461850e-01	3.836425e-03
7.972257944288195e-04	-2.584938e-01	3.578017e-03
7.982023569288195e-04	-1.686145e-01	3.323931e-03
7.991789194288195e-04	-7.730781e-02	3.076294e-03
8.001554819288195e-04	1.465330e-02	2.837183e-03
8.011320444288195e-04	1.064904e-01	2.608601e-03
8.021086069288195e-04	1.974260e-01	2.392462e-03
8.030851694288195e-04	2.866904e-01	2.190573e-03
8.040617319288195e-04	3.735278e-01	2.004624e-03
8.050382944288195e-04	4.572033e-01	1.836166e-03
8.060148569288195e-04	5.370085e-01	1.686606e-03
8.069914194288195e-04	6.122679e-01	1.557187e-03
8.079679819288195e-04	6.823443e-01	1.448985e-03
8.089445444288195e-04	7.466444e-01	1.362894e-03
8.099211069288195e-04	8.046242e-01	1.299622e-03
8.108976694288195e-04	8.557926e-01	1.259684e-03
8.118742319288195e-04	8.997167e-01	1.243397e-03
8.128507944288195e-04	9.360245e-01	1.250877e-03
8.138273569288195e-04	9.644086e-01	1.282041e-03
8.148039194288195e-04	9.846289e-01	1.336604e-03
8.157804819288195e-04	9.965141e-01	1.414082e-03
8.167570444288196e-04	9.999637e-01	1.513799e-03
8.177336069288196e-04	9.949484e-01	1.634891e-03
8.187101694288196e-04	9.815107e-01	1.776310e-03
8.196867319288196e-04	9.597644e-01	1.936840e-03
8.206632944288196e-04	9.298934e-01	2.115099e-03
8.216398569288196e-04	8.921508e-01	2.309559e-03
8.226164194288196e-04	8.468559e-01	2.518553e-03
8.235929819288196e-04	7.943923e-01	2.740290e-03
8.245695444288196e-04	7.352040e-01	2.972872e-03
8.255461069288196e-04	6.697921e-01	3.214310e-03
8.265226694288196e-04	5.987103e-01	3.462539e-03
8.274992319288196e-04	5.225603e-01	3.715438e-03
8.284757944288196e-04	4.419867e-01	3.970844e-03
8.294523569288196e-04	3.576716e-01	4.226575e-03
8.304289194288196e-04	2.703288e-01	4.480444e-03
8.314054819288196e-04	1.806976e-01	4.730283e-03
8.323820444288196e-04	8.953680e-02	4.973956e-03
8.333586069288196e-04	-2.381978e-03	5.209380e-03
8.343351694288196e-04	-9.428059e-02	5.434540e-03
8.353117319288196e-04	-1.853811e-01	5.647509e-03
8.362882944288196e-04	-2.749123e-01	5.846466e-03
8.372648569288196e-04	-3.621164e-01	6.029704e-03
8.382414194288196e-04	-4.462551e-01	6.195652e-03
8.392179819288196e-04	-5.266161e-01	6.342884e-03
8.401945444288196e-04	-6.025193e-01	6.470134e-03
8.411711069288196e-04	-6.733220e-01	6.576303e-03
8.421476694288196e-04	-7.384249e-01	6.660473e-03
8.431242319288196e-04	-7.972770e-01	6.721909e-03
8.441007944288196e-04	-8.493799e-01	6.760073e-03
8.450773569288196e-04	-8.942927e-01	6.774619e-03
8.460539194288196e-04	-9.316352e-01	6.765405e-03
8.470304819288196e-04	-9.610912e-01	6.732487e-03
8.480070444288196e-04	-9.824114e-01	6.676124e-03
8.489836069288196e-04	-9.954154e-01	6.596772e-03
8.499601694288196e-04	-9.999930e-01	6.495084e-03
8.509367319288196e-04	-9.961054e-01	6.371898e-03
8.519132944288196e-04	-9.837857e-01	6.228238e-03
8.528898569288196e-04	-9.631380e-01	6.065299e-03
8.538664194288196e-04	-9.343373e-01	5.884439e-03
8.548429819288196e-04	-8.976271e-01	5.687170e-03
8.558195444288196e-04	-8.533185e-01	5.475141e-03
8.567961069288196e-04	-8.017863e-01	5.250126e-03
8.577726694288196e-04	-7.434669e-01	5.014010e-03
8.587492319288196e-04	-6.788539e-01	4.768771e-03
8.597257944288196e-04	-6.084943e-01	4.516465e-03
8.607023569288196e-04	-5.329837e-01	4.259207e-03
8.616789194288196e-04	-4.529613e-01	3.999155e-03
8.626554819288196e-04	-3.691044e-01	3.738489e-03
8.636320444288196e-04	-2.821231e-01	3.479397e-03
8.646086069288196e-04	-1.927536e-01	3.224050e-03
8.655851694288196e-04	-1.017523e-01	2.974590e-03
8.665617319288196e-04	-9.889705e-03	2.733109e-03
8.675382944288196e-04	8.205662e-02	2.501630e-03
8.685148569288196e-04	1.733083e-01	2.282093e-03
8.694914194288196e-04	2.630929e-01	2.076336e-03
8.704679819288196e-04	3.506504e-01	1.886080e-03
8.714445444288196e-04	4.352396e-01	1.712916e-03
8.724211069288196e-04	5.161444e-01	1.558289e-03
8.733976694288196e-04	5.926799e-01	1.423489e-03
8.743742319288196e-04	6.641983e-01	1.309636e-03
8.753507944288196e-04	7.300942e-01	1.217673e-03
8.763273569288196e-04	7.898096e-01	1.148359e-03
8.773039194288196e-04	8.428392e-01	1.102261e-03
8.782804819288196e-04	8.887341e-01	1.079748e-03
8.792570444288196e-04	9.271057e-01	1.080992e-03
8.802336069288196e-04	9.576291e-01	1.105961e-03
8.812101694288196e-04	9.800460e-01	1.154424e-03
8.821867319288196e-04	9.941667e-01	1.225951e-03
8.831632944288196e-04	9.998716e-01	1.319916e-03
8.841398569288196e-04	9.971124e-01	1.435503e-03
8.851164194288196e-04	9.859125e-01	1.571715e-03
8.860929819288196e-04	9.663666e-01	1.727378e-03
8.870695444288196e-04	9.386404e-01	1.901154e-03
8.880461069288196e-04	9.029683e-01	2.091552e-03
8.890226694288196e-04	8.596525e-01	2.296941e-03
8.899992319288196e-04	8.090596e-01	2.515561e-03
8.909757944288196e-04	7.516178e-01	2.745543e-03
8.919523569288196e-04	6.878135e-01	2.984919e-03
8.929289194288196e-04	6.181867e-01	3.231643e-03
8.939054819288196e-04	5.433268e-01	3.483607e-03
8.948820444288196e-04	4.638676e-01	3.738658e-03
8.958586069288196e-04	3.804817e-01	3.994616e-03
8.968351694288196e-04	2.938749e-01	4.249295e-03
8.978117319288196e-04	2.047805e-01	4.500520e-03
8.987882944288196e-04	1.139525e-01	4.746144e-03
8.997648569288196e-04	2.215990e-02	4.984067e-03
9.007414194288196e-04	-6.982028e-02	5.212256e-03
9.017179819288196e-04	-1.612094e-01	5.428759e-03
9.026945444288196e-04	-2.512339e-01	5.631724e-03
9.036711069288196e-04	-3.391316e-01	5.819413e-03
9.046476694288196e-04	-4.241586e-01	5.990217e-03
9.056242319288196e-04	-5.055949e-01	6.142670e-03
9.066007944288196e-04	-5.827513e-01	6.275462e-03
9.075773569288196e-04	-6.549746e-01	6.387450e-03
9.085539194288196e-04	-7.216535e-01	6.477665e-03
9.095304819288196e-04	-7.822234e-01	6.545324e-03
9.105070444288196e-04	-8.361717e-01	6.589836e-03
9.114836069288196e-04	-8.830416e-01	6.610801e-03
9.124601694288196e-04	-9.224365e-01	6.608025e-03
9.134367319288196e-04	-9.540227e-01	6.581510e-03
9.144132944288196e-04	-9.775330e-01	6.531462e-03
9.153898569288196e-04	-9.927683e-01	6.458284e-03
9.163664194288196e-04	-9.995996e-01	6.362577e-03
9.173429819288196e-04	-9.979692e-01	6.245130e-03
9.183195444288196e-04	-9.878908e-01	6.106918e-03
9.192961069288196e-04	-9.694497e-01	5.949092e-03
9.202726694288196e-04	-9.428021e-01	5.772969e-03
9.212492319288196e-04	-9.081735e-01	5.580018e-03
9.222257944288196e-04	-8.658570e-01	5.371855e-03
9.232023569288196e-04	-8.162109e-01	5.150222e-03
9.241789194288196e-04	-7.596555e-01	4.916974e-03
9.251554819288196e-04	-6.966694e-01	4.674069e-03
9.261320444288196e-04	-6.277859e-01	4.423541e-03
9.271086069288196e-04	-5.535881e-01	4.167493e-03
9.280851694288196e-04	-4.747041e-01	3.908071e-03
9.290617319288197e-04	-3.918016e-01	3.647453e-03
9.300382944288197e-04	-3.055825e-01	3.387826e-03
9.310148569288197e-04	-2.167765e-01	3.131367e-03
9.319914194288197e-04	-1.261355e-01	2.880229e-03
9.329679819288197e-04	-3.442676e-02	2.636517e-03
9.339445444288197e-04	5.757343e-02	2.402275e-03
9.349211069288197e-04	1.490863e-01	2.179467e-03
9.358976694288197e-04	2.393370e-01	1.969960e-03
9.368742319288197e-04	3.275618e-01	1.775507e-03
9.378507944288197e-04	4.130137e-01	1.597735e-03
9.388273569288197e-04	4.949693e-01	1.438130e-03
9.398039194288197e-04	5.727350e-01	1.298023e-03
9.407804819288197e-04	6.456524e-01	1.178582e-03
9.417570444288197e-04	7.131041e-01	1.080797e-03
9.427336069288197e-04	7.745194e-01	1.005477e-03
9.437101694288197e-04	8.293782e-01	9.532413e-04
9.446867319288197e-04	8.772162e-01	9.245115e-04
9.456632944288197e-04	9.176283e-01	9.195120e-04
9.466398569288197e-04	9.502727e-01	9.382658e-04
9.476164194288197e-04	9.748728e-01	9.805948e-04
9.485929819288197e-04	9.912204e-01	1.046121e-03
9.495695444288197e-04	9.991772e-01	1.134272e-03
9.505461069288197e-04	9.986758e-01	1.244280e-03
9.515226694288197e-04	9.897203e-01	1.375197e-03
9.524992319288197e-04	9.723868e-01	1.525894e-03
9.534757944288197e-04	9.468219e-01	1.695076e-03
9.544523569288197e-04	9.132419e-01	1.881292e-03
9.554289194288197e-04	8.719312e-01	2.082947e-03
9.564054819288197e-04	8.232394e-01	2.298314e-03
9.573820444288197e-04	7.675788e-01	2.525551e-03
9.583586069288197e-04	7.054204e-01	2.762716e-03
9.593351694288197e-04	6.372907e-01	3.007781e-03
9.603117319288197e-04	5.637661e-01	3.258653e-03
9.612882944288197e-04	4.854691e-01	3.513188e-03
9.622648569288197e-04	4.030625e-01	3.769214e-03
9.632414194288197e-04	3.172440e-01	4.024545e-03
9.642179819288197e-04	2.287399e-01	4.276998e-03
9.651945444288197e-04	1.382995e-01	4.524419e-03
9.661711069288197e-04	4.668843e-02	4.764693e-03
9.671476694288197e-04	-4.531792e-02	4.995768e-03
9.681242319288197e-04	-1.369406e-01	5.215669e-03
9.691007944288197e-04	-2.274041e-01	5.422515e-03
9.700773569288197e-04	-3.159426e-01	5.614536e-03
9.710539194288197e-04	-4.018066e-01	5.790087e-03
9.720304819288197e-04	-4.842692e-01	5.947665e-03
9.730070444288197e-04	-5.626324e-01	6.085915e-03
9.739836069288197e-04	-6.362328e-01	6.203648e-03
9.749601694288197e-04	-7.044474e-01	6.299848e-03
9.759367319288197e-04	-7.666987e-01	6.373684e-03
9.769132944288197e-04	-8.224598e-01	6.424509e-03
9.778898569288196e-04	-8.712586e-01	6.451877e-03
9.788664194288195e-04	-9.126821e-01	6.455535e-03
9.798429819288194e-04	-9.463795e-01	6.435434e-03
9.808195444288193e-04	-9.720657e-01	6.391725e-03
9.817961069288192e-04	-9.895232e-01	6.324759e-03
9.827726694288190e-04	-9.986042e-01	6.235085e-03
9.837492319288189e-04	-9.992319e-01	6.123442e-03
9.847257944288188e-04	-9.914008e-01	5.990758e-03
9.857023569288187e-04	-9.751775e-01	5.838135e-03
9.866789194288186e-04	-9.506990e-01	5.666847e-03
9.876554819288185e-04	-9.181728e-01	5.478327e-03
9.886320444288184e-04	-8.778740e-01	5.274150e-03
9.896086069288183e-04	-8.301439e-01	5.056026e-03
9.905851694288182e-04	-7.753865e-01	4.825783e-03
9.915617319288181e-04	-7.140653e-01	4.585351e-03
9.925382944288180e-04	-6.466994e-01	4.336747e-03
9.935148569288179e-04	-5.738591e-01	4.082056e-03
9.944914194288178e-04	-4.961610e-01	3.823417e-03
9.954679819288176e-04	-4.142628e-01	3.562998e-03
9.964445444288175e-04	-3.288577e-01	3.302987e-03
9.974211069288174e-04	-2.406689e-01	3.045566e-03
9.983976694288173e-04	-1.504427e-01	2.792894e-03
9.993742319288172e-04	-5.894307e-02	2.546232e-03
1.000000000000000e-03	3.431487e-15	2.391535e-03
