v1	I(D1)
0.000000000000000e+00	0.000000e+00
1.000000000000000e-03	1.394195e-15
2.000000000000000e-03	2.803928e-15
3.000000000000000e-03	4.229814e-15
4.000000000000000e-03	5.672487e-15
5.000000000000000e-03	7.132610e-15
6.000000000000000e-03	8.610871e-15
7.000000000000000e-03	1.010798e-14
8.000000000000000e-03	1.162469e-14
9.000000000000001e-03	1.316177e-14
1.000000000000000e-02	1.472002e-14
1.100000000000000e-02	1.630028e-14
1.200000000000000e-02	1.790341e-14
1.300000000000000e-02	1.953031e-14
1.400000000000001e-02	2.118193e-14
1.500000000000001e-02	2.285923e-14
1.600000000000001e-02	2.456323e-14
1.700000000000001e-02	2.629498e-14
1.800000000000001e-02	2.805558e-14
1.900000000000001e-02	2.984616e-14
2.000000000000001e-02	3.166791e-14
2.100000000000001e-02	3.352204e-14
2.200000000000001e-02	3.540985e-14
2.300000000000001e-02	3.733266e-14
2.400000000000001e-02	3.929184e-14
2.500000000000002e-02	4.128882e-14
2.600000000000002e-02	4.332512e-14
2.700000000000002e-02	4.540226e-14
2.800000000000002e-02	4.752186e-14
2.900000000000002e-02	4.968560e-14
3.000000000000002e-02	5.189521e-14
3.100000000000002e-02	5.415250e-14
3.200000000000002e-02	5.645935e-14
3.300000000000002e-02	5.881772e-14
3.400000000000002e-02	6.122964e-14
3.500000000000002e-02	6.369721e-14
3.600000000000003e-02	6.622264e-14
3.700000000000003e-02	6.880819e-14
3.800000000000003e-02	7.145625e-14
3.900000000000003e-02	7.416927e-14
4.000000000000003e-02	7.694982e-14
4.100000000000003e-02	7.980055e-14
4.200000000000003e-02	8.272425e-14
4.300000000000003e-02	8.572377e-14
4.400000000000003e-02	8.880211e-14
4.500000000000003e-02	9.196238e-14
4.600000000000003e-02	9.520781e-14
4.700000000000003e-02	9.854175e-14
4.800000000000004e-02	1.019677e-13
4.900000000000004e-02	1.054893e-13
5.000000000000004e-02	1.091102e-13
5.100000000000004e-02	1.128345e-13
5.200000000000004e-02	1.166662e-13
5.300000000000004e-02	1.206095e-13
5.400000000000004e-02	1.246688e-13
5.500000000000004e-02	1.288488e-13
5.600000000000004e-02	1.331540e-13
5.700000000000004e-02	1.375896e-13
5.800000000000004e-02	1.421606e-13
5.900000000000005e-02	1.468723e-13
6.000000000000005e-02	1.517304e-13
6.100000000000005e-02	1.567406e-13
6.200000000000005e-02	1.619088e-13
6.300000000000004e-02	1.672414e-13
6.400000000000004e-02	1.727447e-13
6.500000000000004e-02	1.784256e-13
6.600000000000004e-02	1.842909e-13
6.700000000000005e-02	1.903481e-13
6.800000000000005e-02	1.966046e-13
6.900000000000005e-02	2.030683e-13
7.000000000000005e-02	2.097474e-13
7.100000000000005e-02	2.166504e-13
7.200000000000005e-02	2.237860e-13
7.300000000000005e-02	2.311636e-13
7.400000000000005e-02	2.387925e-13
7.500000000000005e-02	2.466827e-13
7.600000000000005e-02	2.548445e-13
7.700000000000005e-02	2.632887e-13
7.800000000000006e-02	2.720263e-13
7.900000000000006e-02	2.810689e-13
8.000000000000006e-02	2.904285e-13
8.100000000000006e-02	3.001177e-13
8.200000000000006e-02	3.101494e-13
8.300000000000006e-02	3.205371e-13
8.400000000000006e-02	3.312949e-13
8.500000000000006e-02	3.424373e-13
8.600000000000006e-02	3.539796e-13
8.700000000000006e-02	3.659374e-13
8.800000000000006e-02	3.783271e-13
8.900000000000007e-02	3.911659e-13
9.000000000000007e-02	4.044713e-13
9.100000000000007e-02	4.182618e-13
9.200000000000007e-02	4.325565e-13
9.300000000000007e-02	4.473752e-13
9.400000000000007e-02	4.627387e-13
9.500000000000007e-02	4.786684e-13
9.600000000000007e-02	4.951866e-13
9.700000000000007e-02	5.123165e-13
9.800000000000007e-02	5.300822e-13
9.900000000000007e-02	5.485089e-13
1.000000000000001e-01	5.676225e-13
1.010000000000001e-01	5.874501e-13
1.020000000000001e-01	6.080199e-13
1.030000000000001e-01	6.293611e-13
1.040000000000001e-01	6.515042e-13
1.050000000000001e-01	6.744807e-13
1.060000000000001e-01	6.983236e-13
1.070000000000001e-01	7.230668e-13
1.080000000000001e-01	7.487461e-13
1.090000000000001e-01	7.753981e-13
1.100000000000001e-01	8.030613e-13
1.110000000000001e-01	8.317757e-13
1.120000000000001e-01	8.615825e-13
1.130000000000001e-01	8.925248e-13
1.140000000000001e-01	9.246474e-13
1.150000000000001e-01	9.579969e-13
1.160000000000001e-01	9.926217e-13
1.170000000000001e-01	1.028572e-12
1.180000000000001e-01	1.065900e-12
1.190000000000001e-01	1.104660e-12
1.200000000000001e-01	1.144908e-12
1.210000000000001e-01	1.186703e-12
1.220000000000001e-01	1.230107e-12
1.230000000000001e-01	1.275182e-12
1.240000000000001e-01	1.321995e-12
1.250000000000001e-01	1.370613e-12
1.260000000000001e-01	1.421109e-12
1.270000000000001e-01	1.473556e-12
1.280000000000001e-01	1.528030e-12
1.290000000000001e-01	1.584613e-12
1.300000000000001e-01	1.643387e-12
1.310000000000001e-01	1.704438e-12
1.320000000000001e-01	1.767856e-12
1.330000000000001e-01	1.833735e-12
1.340000000000001e-01	1.902171e-12
1.350000000000001e-01	1.973266e-12
1.360000000000001e-01	2.047124e-12
1.370000000000001e-01	2.123853e-12
1.380000000000001e-01	2.203568e-12
1.390000000000001e-01	2.286386e-12
1.400000000000001e-01	2.372429e-12
1.410000000000001e-01	2.461824e-12
1.420000000000001e-01	2.554704e-12
1.430000000000001e-01	2.651206e-12
1.440000000000001e-01	2.751472e-12
1.450000000000001e-01	2.855651e-12
1.460000000000001e-01	2.963898e-12
1.470000000000001e-01	3.076372e-12
1.480000000000001e-01	3.193241e-12
1.490000000000001e-01	3.314677e-12
1.500000000000001e-01	3.440860e-12
1.510000000000001e-01	3.571978e-12
1.520000000000001e-01	3.708226e-12
1.530000000000001e-01	3.849805e-12
1.540000000000001e-01	3.996925e-12
1.550000000000001e-01	4.149805e-12
1.560000000000001e-01	4.308672e-12
1.570000000000001e-01	4.473763e-12
1.580000000000001e-01	4.645321e-12
1.590000000000001e-01	4.823603e-12
1.600000000000001e-01	5.008874e-12
1.610000000000001e-01	5.201408e-12
1.620000000000001e-01	5.401492e-12
1.630000000000001e-01	5.609424e-12
1.640000000000001e-01	5.825514e-12
1.650000000000001e-01	6.050082e-12
1.660000000000001e-01	6.283463e-12
1.670000000000001e-01	6.526004e-12
1.680000000000001e-01	6.778067e-12
1.690000000000001e-01	7.040027e-12
1.700000000000001e-01	7.312273e-12
1.710000000000001e-01	7.595212e-12
1.720000000000001e-01	7.889265e-12
1.730000000000001e-01	8.194869e-12
1.740000000000001e-01	8.512482e-12
1.750000000000001e-01	8.842574e-12
1.760000000000001e-01	9.185639e-12
1.770000000000001e-01	9.542189e-12
1.780000000000001e-01	9.912754e-12
1.790000000000001e-01	1.029789e-11
1.800000000000001e-01	1.069816e-11
1.810000000000001e-01	1.111418e-11
1.820000000000001e-01	1.154655e-11
1.830000000000001e-01	1.199593e-11
1.840000000000001e-01	1.246298e-11
1.850000000000001e-01	1.294841e-11
1.860000000000001e-01	1.345293e-11
1.870000000000001e-01	1.397730e-11
1.880000000000001e-01	1.452230e-11
1.890000000000001e-01	1.508874e-11
1.900000000000001e-01	1.567748e-11
1.910000000000001e-01	1.628938e-11
1.920000000000001e-01	1.692536e-11
1.930000000000001e-01	1.758638e-11
1.940000000000001e-01	1.827341e-11
1.950000000000001e-01	1.898749e-11
1.960000000000001e-01	1.972967e-11
1.970000000000001e-01	2.050107e-11
1.980000000000001e-01	2.130284e-11
1.990000000000001e-01	2.213618e-11
2.000000000000001e-01	2.300232e-11
2.010000000000002e-01	2.390257e-11
2.020000000000002e-01	2.483827e-11
2.030000000000002e-01	2.581081e-11
2.040000000000002e-01	2.682165e-11
2.050000000000002e-01	2.787230e-11
2.060000000000002e-01	2.896433e-11
2.070000000000002e-01	3.009936e-11
2.080000000000002e-01	3.127909e-11
2.090000000000002e-01	3.250529e-11
2.100000000000002e-01	3.377979e-11
2.110000000000002e-01	3.510449e-11
2.120000000000002e-01	3.648137e-11
2.130000000000002e-01	3.791248e-11
2.140000000000002e-01	3.939997e-11
2.150000000000002e-01	4.094605e-11
2.160000000000002e-01	4.255304e-11
2.170000000000002e-01	4.422334e-11
2.180000000000002e-01	4.595944e-11
2.190000000000002e-01	4.776394e-11
2.200000000000002e-01	4.963953e-11
2.210000000000002e-01	5.158901e-11
2.220000000000002e-01	5.361531e-11
2.230000000000002e-01	5.572144e-11
2.240000000000002e-01	5.791055e-11
2.250000000000002e-01	6.018592e-11
2.260000000000002e-01	6.255094e-11
2.270000000000002e-01	6.500915e-11
2.280000000000002e-01	6.756423e-11
2.290000000000002e-01	7.021998e-11
2.300000000000002e-01	7.298038e-11
2.310000000000002e-01	7.584956e-11
2.320000000000002e-01	7.883179e-11
2.330000000000002e-01	8.193154e-11
2.340000000000002e-01	8.515345e-11
2.350000000000002e-01	8.850233e-11
2.360000000000002e-01	9.198317e-11
2.370000000000002e-01	9.560119e-11
2.380000000000002e-01	9.936179e-11
2.390000000000002e-01	1.032706e-10
2.400000000000002e-01	1.073334e-10
2.410000000000002e-01	1.115564e-10
2.420000000000002e-01	1.159458e-10
2.430000000000002e-01	1.205082e-10
2.440000000000002e-01	1.252504e-10
2.450000000000002e-01	1.301794e-10
2.460000000000002e-01	1.353028e-10
2.470000000000002e-01	1.406280e-10
2.480000000000002e-01	1.461632e-10
2.490000000000002e-01	1.519165e-10
2.500000000000002e-01	1.578965e-10
2.510000000000002e-01	1.641122e-10
2.520000000000002e-01	1.705730e-10
2.530000000000002e-01	1.772883e-10
2.540000000000002e-01	1.842684e-10
2.550000000000002e-01	1.915235e-10
2.560000000000002e-01	1.990646e-10
2.570000000000002e-01	2.069029e-10
2.580000000000002e-01	2.150502e-10
2.590000000000002e-01	2.235186e-10
2.600000000000002e-01	2.323207e-10
2.610000000000002e-01	2.414698e-10
2.620000000000002e-01	2.509795e-10
2.630000000000002e-01	2.608641e-10
2.640000000000002e-01	2.711383e-10
2.650000000000002e-01	2.818174e-10
2.660000000000002e-01	2.929174e-10
2.670000000000002e-01	3.044550e-10
2.680000000000002e-01	3.164473e-10
2.690000000000002e-01	3.289123e-10
2.700000000000002e-01	3.418686e-10
2.710000000000002e-01	3.553357e-10
2.720000000000002e-01	3.693335e-10
2.730000000000002e-01	3.838831e-10
2.740000000000002e-01	3.990062e-10
2.750000000000002e-01	4.147254e-10
2.760000000000002e-01	4.310642e-10
2.770000000000002e-01	4.480471e-10
2.780000000000002e-01	4.656994e-10
2.790000000000002e-01	4.840474e-10
2.800000000000002e-01	5.031187e-10
2.810000000000002e-01	5.229417e-10
2.820000000000002e-01	5.435461e-10
2.830000000000002e-01	5.649627e-10
2.840000000000002e-01	5.872235e-10
2.850000000000002e-01	6.103617e-10
2.860000000000002e-01	6.344120e-10
2.870000000000002e-01	6.594103e-10
2.880000000000002e-01	6.853940e-10
2.890000000000002e-01	7.124019e-10
2.900000000000002e-01	7.404744e-10
2.910000000000002e-01	7.696535e-10
2.920000000000002e-01	7.999827e-10
2.930000000000002e-01	8.315075e-10
2.940000000000002e-01	8.642749e-10
2.950000000000002e-01	8.983340e-10
2.960000000000002e-01	9.337356e-10
2.970000000000002e-01	9.705327e-10
2.980000000000002e-01	1.008780e-09
2.990000000000002e-01	1.048535e-09
3.000000000000002e-01	1.089858e-09
3.010000000000002e-01	1.132809e-09
3.020000000000002e-01	1.177453e-09
3.030000000000002e-01	1.223857e-09
3.040000000000002e-01	1.272091e-09
3.050000000000002e-01	1.322225e-09
3.060000000000002e-01	1.374336e-09
3.070000000000002e-01	1.428501e-09
3.080000000000002e-01	1.484801e-09
3.090000000000002e-01	1.543320e-09
3.100000000000002e-01	1.604146e-09
3.110000000000002e-01	1.667370e-09
3.120000000000002e-01	1.733086e-09
3.130000000000002e-01	1.801392e-09
3.140000000000002e-01	1.872392e-09
3.150000000000002e-01	1.946189e-09
3.160000000000002e-01	2.022896e-09
3.170000000000002e-01	2.102626e-09
3.180000000000002e-01	2.185500e-09
3.190000000000002e-01	2.271640e-09
3.200000000000002e-01	2.361175e-09
3.210000000000002e-01	2.454240e-09
3.220000000000002e-01	2.550974e-09
3.230000000000002e-01	2.651521e-09
3.240000000000002e-01	2.756031e-09
3.250000000000002e-01	2.864661e-09
3.260000000000002e-01	2.977573e-09
3.270000000000002e-01	3.094936e-09
3.280000000000002e-01	3.216925e-09
3.290000000000002e-01	3.343723e-09
3.300000000000002e-01	3.475519e-09
3.310000000000002e-01	3.612511e-09
3.320000000000002e-01	3.754902e-09
3.330000000000002e-01	3.902907e-09
3.340000000000002e-01	4.056746e-09
3.350000000000002e-01	4.216649e-09
3.360000000000002e-01	4.382855e-09
3.370000000000002e-01	4.555613e-09
3.380000000000002e-01	4.735181e-09
3.390000000000002e-01	4.921827e-09
3.400000000000002e-01	5.115831e-09
3.410000000000002e-01	5.317482e-09
3.420000000000002e-01	5.527083e-09
3.430000000000002e-01	5.744945e-09
3.440000000000003e-01	5.971396e-09
3.450000000000003e-01	6.206773e-09
3.460000000000003e-01	6.451428e-09
3.470000000000003e-01	6.705728e-09
3.480000000000003e-01	6.970052e-09
3.490000000000003e-01	7.244795e-09
3.500000000000003e-01	7.530369e-09
3.510000000000003e-01	7.827200e-09
3.520000000000003e-01	8.135731e-09
3.530000000000003e-01	8.456425e-09
3.540000000000003e-01	8.789760e-09
3.550000000000003e-01	9.136236e-09
3.560000000000003e-01	9.496368e-09
3.570000000000003e-01	9.870698e-09
3.580000000000003e-01	1.025978e-08
3.590000000000003e-01	1.066421e-08
3.600000000000003e-01	1.108457e-08
3.610000000000003e-01	1.152150e-08
3.620000000000003e-01	1.197566e-08
3.630000000000003e-01	1.244772e-08
3.640000000000003e-01	1.293840e-08
3.650000000000003e-01	1.344841e-08
3.660000000000003e-01	1.397852e-08
3.670000000000003e-01	1.452954e-08
3.680000000000003e-01	1.510227e-08
3.690000000000003e-01	1.569758e-08
3.700000000000003e-01	1.631636e-08
3.710000000000003e-01	1.695953e-08
3.720000000000003e-01	1.762805e-08
3.730000000000003e-01	1.832292e-08
3.740000000000003e-01	1.904519e-08
3.750000000000003e-01	1.979593e-08
3.760000000000003e-01	2.057626e-08
3.770000000000003e-01	2.138735e-08
3.780000000000003e-01	2.223041e-08
3.790000000000003e-01	2.310671e-08
3.800000000000003e-01	2.401755e-08
3.810000000000003e-01	2.496430e-08
3.820000000000003e-01	2.594837e-08
3.830000000000003e-01	2.697122e-08
3.840000000000003e-01	2.803440e-08
3.850000000000003e-01	2.913949e-08
3.860000000000003e-01	3.028814e-08
3.870000000000003e-01	3.148207e-08
3.880000000000003e-01	3.272306e-08
3.890000000000003e-01	3.401297e-08
3.900000000000003e-01	3.535373e-08
3.910000000000003e-01	3.674734e-08
3.920000000000003e-01	3.819589e-08
3.930000000000003e-01	3.970153e-08
3.940000000000003e-01	4.126653e-08
3.950000000000003e-01	4.289322e-08
3.960000000000003e-01	4.458404e-08
3.970000000000003e-01	4.634150e-08
3.980000000000003e-01	4.816825e-08
3.990000000000003e-01	5.006700e-08
4.000000000000003e-01	5.204060e-08
4.010000000000003e-01	5.409200e-08
4.020000000000003e-01	5.622426e-08
4.030000000000003e-01	5.844058e-08
4.040000000000003e-01	6.074426e-08
4.050000000000003e-01	6.313875e-08
4.060000000000003e-01	6.562763e-08
4.070000000000003e-01	6.821463e-08
4.080000000000003e-01	7.090360e-08
4.090000000000003e-01	7.369856e-08
4.100000000000003e-01	7.660370e-08
4.110000000000003e-01	7.962337e-08
4.120000000000003e-01	8.276206e-08
4.130000000000003e-01	8.602449e-08
4.140000000000003e-01	8.941551e-08
4.150000000000003e-01	9.294020e-08
4.160000000000003e-01	9.660385e-08
4.170000000000003e-01	1.004119e-07
4.180000000000003e-01	1.043701e-07
4.190000000000003e-01	1.084843e-07
4.200000000000003e-01	1.127606e-07
4.210000000000003e-01	1.172056e-07
4.220000000000003e-01	1.218258e-07
4.230000000000003e-01	1.266281e-07
4.240000000000003e-01	1.316197e-07
4.250000000000003e-01	1.368080e-07
4.260000000000003e-01	1.422009e-07
4.270000000000003e-01	1.478064e-07
4.280000000000003e-01	1.536328e-07
4.290000000000003e-01	1.596889e-07
4.300000000000003e-01	1.659837e-07
4.310000000000003e-01	1.725267e-07
4.320000000000003e-01	1.793276e-07
4.330000000000003e-01	1.863966e-07
4.340000000000003e-01	1.937442e-07
4.350000000000003e-01	2.013815e-07
4.360000000000003e-01	2.093199e-07
4.370000000000003e-01	2.175711e-07
4.380000000000003e-01	2.261476e-07
4.390000000000003e-01	2.350622e-07
4.400000000000003e-01	2.443282e-07
4.410000000000003e-01	2.539595e-07
4.420000000000003e-01	2.639705e-07
4.430000000000003e-01	2.743760e-07
4.440000000000003e-01	2.851918e-07
4.450000000000003e-01	2.964339e-07
4.460000000000003e-01	3.081191e-07
4.470000000000003e-01	3.202650e-07
4.480000000000003e-01	3.328896e-07
4.490000000000003e-01	3.460120e-07
4.500000000000003e-01	3.596516e-07
4.510000000000003e-01	3.738288e-07
4.520000000000003e-01	3.885649e-07
4.530000000000003e-01	4.038819e-07
4.540000000000003e-01	4.198027e-07
4.550000000000003e-01	4.363511e-07
4.560000000000003e-01	4.535518e-07
4.570000000000004e-01	4.714306e-07
4.580000000000004e-01	4.900141e-07
4.590000000000004e-01	5.093302e-07
4.600000000000004e-01	5.294077e-07
4.610000000000004e-01	5.502766e-07
4.620000000000004e-01	5.719683e-07
4.630000000000004e-01	5.945149e-07
4.640000000000004e-01	6.179504e-07
4.650000000000004e-01	6.423096e-07
4.660000000000004e-01	6.676291e-07
4.670000000000004e-01	6.939467e-07
4.680000000000004e-01	7.213017e-07
4.690000000000004e-01	7.497350e-07
4.700000000000004e-01	7.792891e-07
4.710000000000004e-01	8.100083e-07
4.720000000000004e-01	8.419383e-07
4.730000000000004e-01	8.751271e-07
4.740000000000004e-01	9.096241e-07
4.750000000000004e-01	9.454810e-07
4.760000000000004e-01	9.827513e-07
4.770000000000004e-01	1.021491e-06
4.780000000000004e-01	1.061758e-06
4.790000000000004e-01	1.103611e-06
4.800000000000004e-01	1.147115e-06
4.810000000000004e-01	1.192334e-06
4.820000000000004e-01	1.239335e-06
4.830000000000004e-01	1.288189e-06
4.840000000000004e-01	1.338969e-06
4.850000000000004e-01	1.391750e-06
4.860000000000004e-01	1.446612e-06
4.870000000000004e-01	1.503637e-06
4.880000000000004e-01	1.562909e-06
4.890000000000004e-01	1.624518e-06
4.900000000000004e-01	1.688556e-06
4.910000000000004e-01	1.755118e-06
4.920000000000004e-01	1.824304e-06
4.930000000000004e-01	1.896217e-06
4.940000000000004e-01	1.970965e-06
4.950000000000004e-01	2.048659e-06
4.960000000000004e-01	2.129416e-06
4.970000000000004e-01	2.213356e-06
4.980000000000004e-01	2.300606e-06
4.990000000000004e-01	2.391294e-06
5.000000000000003e-01	2.485558e-06
5.010000000000003e-01	2.583537e-06
5.020000000000003e-01	2.685379e-06
5.030000000000003e-01	2.791235e-06
5.040000000000003e-01	2.901264e-06
5.050000000000003e-01	3.015630e-06
5.060000000000003e-01	3.134505e-06
5.070000000000003e-01	3.258065e-06
5.080000000000003e-01	3.386496e-06
5.090000000000003e-01	3.519990e-06
5.100000000000003e-01	3.658746e-06
5.110000000000003e-01	3.802972e-06
5.120000000000003e-01	3.952884e-06
5.130000000000003e-01	4.108704e-06
5.140000000000003e-01	4.270667e-06
5.150000000000003e-01	4.439014e-06
5.160000000000003e-01	4.613998e-06
5.170000000000003e-01	4.795879e-06
5.180000000000003e-01	4.984930e-06
5.190000000000003e-01	5.181434e-06
5.200000000000004e-01	5.385683e-06
5.210000000000004e-01	5.597984e-06
5.220000000000004e-01	5.818653e-06
5.230000000000004e-01	6.048022e-06
5.240000000000004e-01	6.286431e-06
5.250000000000004e-01	6.534239e-06
5.260000000000004e-01	6.791815e-06
5.270000000000004e-01	7.059545e-06
5.280000000000004e-01	7.337828e-06
5.290000000000004e-01	7.627082e-06
5.300000000000004e-01	7.927737e-06
5.310000000000004e-01	8.240244e-06
5.320000000000004e-01	8.565070e-06
5.330000000000004e-01	8.902701e-06
5.340000000000004e-01	9.253640e-06
5.350000000000004e-01	9.618414e-06
5.360000000000004e-01	9.997567e-06
5.370000000000004e-01	1.039167e-05
5.380000000000004e-01	1.080130e-05
5.390000000000004e-01	1.122708e-05
5.400000000000004e-01	1.166965e-05
5.410000000000004e-01	1.212966e-05
5.420000000000004e-01	1.260780e-05
5.430000000000004e-01	1.310480e-05
5.440000000000004e-01	1.362138e-05
5.450000000000004e-01	1.415833e-05
5.460000000000004e-01	1.471644e-05
5.470000000000004e-01	1.529655e-05
5.480000000000004e-01	1.589954e-05
5.490000000000004e-01	1.652629e-05
5.500000000000004e-01	1.717775e-05
5.510000000000004e-01	1.785488e-05
5.520000000000004e-01	1.855871e-05
5.530000000000004e-01	1.929029e-05
5.540000000000004e-01	2.005070e-05
5.550000000000004e-01	2.084109e-05
5.560000000000004e-01	2.166263e-05
5.570000000000004e-01	2.251656e-05
5.580000000000004e-01	2.340415e-05
5.590000000000004e-01	2.432673e-05
5.600000000000004e-01	2.528568e-05
5.610000000000004e-01	2.628243e-05
5.620000000000004e-01	2.731847e-05
5.630000000000004e-01	2.839535e-05
5.640000000000004e-01	2.951468e-05
5.650000000000004e-01	3.067813e-05
5.660000000000004e-01	3.188744e-05
5.670000000000004e-01	3.314443e-05
5.680000000000004e-01	3.445097e-05
5.690000000000004e-01	3.580901e-05
5.700000000000004e-01	3.722058e-05
5.710000000000004e-01	3.868779e-05
5.720000000000004e-01	4.021285e-05
5.730000000000004e-01	4.179802e-05
5.740000000000004e-01	4.344567e-05
5.750000000000004e-01	4.515828e-05
5.760000000000004e-01	4.693839e-05
5.770000000000004e-01	4.878868e-05
5.780000000000004e-01	5.071190e-05
5.790000000000004e-01	5.271094e-05
5.800000000000004e-01	5.478878e-05
5.810000000000004e-01	5.694852e-05
5.820000000000004e-01	5.919340e-05
5.830000000000004e-01	6.152677e-05
5.840000000000004e-01	6.395212e-05
5.850000000000004e-01	6.647308e-05
5.860000000000004e-01	6.909342e-05
5.870000000000004e-01	7.181704e-05
5.880000000000004e-01	7.464804e-05
5.890000000000004e-01	7.759062e-05
5.900000000000004e-01	8.064920e-05
5.910000000000004e-01	8.382835e-05
5.920000000000004e-01	8.713282e-05
5.930000000000004e-01	9.056755e-05
5.940000000000004e-01	9.413767e-05
5.950000000000004e-01	9.784853e-05
5.960000000000004e-01	1.017057e-04
5.970000000000004e-01	1.057149e-04
5.980000000000004e-01	1.098821e-04
5.990000000000004e-01	1.142136e-04
6.000000000000004e-01	1.187158e-04
6.010000000000004e-01	1.233955e-04
6.020000000000004e-01	1.282597e-04
6.030000000000004e-01	1.333156e-04
6.040000000000004e-01	1.385709e-04
6.050000000000004e-01	1.440333e-04
6.060000000000004e-01	1.497110e-04
6.070000000000004e-01	1.556125e-04
6.080000000000004e-01	1.617467e-04
6.090000000000004e-01	1.681226e-04
6.100000000000004e-01	1.747499e-04
6.110000000000004e-01	1.816385e-04
6.120000000000004e-01	1.887986e-04
6.130000000000004e-01	1.962409e-04
6.140000000000004e-01	2.039766e-04
6.150000000000004e-01	2.120173e-04
6.160000000000004e-01	2.203749e-04
6.170000000000004e-01	2.290619e-04
6.180000000000004e-01	2.380915e-04
6.190000000000004e-01	2.474769e-04
6.200000000000004e-01	2.572323e-04
6.210000000000004e-01	2.673723e-04
6.220000000000004e-01	2.779119e-04
6.230000000000004e-01	2.888671e-04
6.240000000000004e-01	3.002541e-04
6.250000000000004e-01	3.120899e-04
6.260000000000004e-01	3.243923e-04
6.270000000000004e-01	3.371797e-04
6.280000000000004e-01	3.504711e-04
6.290000000000004e-01	3.642865e-04
6.300000000000004e-01	3.786465e-04
6.310000000000004e-01	3.935726e-04
6.320000000000005e-01	4.090870e-04
6.330000000000005e-01	4.252130e-04
6.340000000000005e-01	4.419746e-04
6.350000000000005e-01	4.593971e-04
6.360000000000005e-01	4.775063e-04
6.370000000000005e-01	4.963293e-04
6.380000000000005e-01	5.158943e-04
6.390000000000005e-01	5.362306e-04
6.400000000000005e-01	5.573685e-04
6.410000000000005e-01	5.793397e-04
6.420000000000005e-01	6.021770e-04
6.430000000000005e-01	6.259145e-04
6.440000000000005e-01	6.505877e-04
6.450000000000005e-01	6.762335e-04
6.460000000000005e-01	7.028903e-04
6.470000000000005e-01	7.305978e-04
6.480000000000005e-01	7.593976e-04
6.490000000000005e-01	7.893327e-04
6.500000000000005e-01	8.204477e-04
6.510000000000005e-01	8.527894e-04
6.520000000000005e-01	8.864059e-04
6.530000000000005e-01	9.213475e-04
6.540000000000005e-01	9.576665e-04
6.550000000000005e-01	9.954172e-04
6.560000000000005e-01	1.034656e-03
6.570000000000005e-01	1.075442e-03
6.580000000000005e-01	1.117835e-03
6.590000000000005e-01	1.161899e-03
6.600000000000005e-01	1.207701e-03
6.610000000000005e-01	1.255308e-03
6.620000000000005e-01	1.304791e-03
6.630000000000005e-01	1.356226e-03
6.640000000000005e-01	1.409687e-03
6.650000000000005e-01	1.465256e-03
6.660000000000005e-01	1.523016e-03
6.670000000000005e-01	1.583053e-03
6.680000000000005e-01	1.645456e-03
6.690000000000005e-01	1.710319e-03
6.700000000000005e-01	1.777738e-03
6.710000000000005e-01	1.847816e-03
6.720000000000005e-01	1.920656e-03
6.730000000000005e-01	1.996367e-03
6.740000000000005e-01	2.075063e-03
6.750000000000005e-01	2.156861e-03
6.760000000000005e-01	2.241883e-03
6.770000000000005e-01	2.330257e-03
6.780000000000005e-01	2.422114e-03
6.790000000000005e-01	2.517593e-03
6.800000000000005e-01	2.616835e-03
6.810000000000005e-01	2.719989e-03
6.820000000000005e-01	2.827210e-03
6.830000000000005e-01	2.938657e-03
6.840000000000005e-01	3.054497e-03
6.850000000000005e-01	3.174904e-03
6.860000000000005e-01	3.300057e-03
6.870000000000005e-01	3.430143e-03
6.880000000000005e-01	3.565358e-03
6.890000000000005e-01	3.705902e-03
6.900000000000005e-01	3.851987e-03
6.910000000000005e-01	4.003830e-03
6.920000000000005e-01	4.161659e-03
6.930000000000005e-01	4.325710e-03
6.940000000000005e-01	4.496227e-03
6.950000000000005e-01	4.673466e-03
6.960000000000005e-01	4.857691e-03
6.970000000000005e-01	5.049179e-03
6.980000000000005e-01	5.248215e-03
6.990000000000005e-01	5.455097e-03
7.000000000000005e-01	5.670134e-03
7.010000000000005e-01	5.893647e-03
7.020000000000005e-01	6.125972e-03
7.030000000000005e-01	6.367454e-03
7.040000000000005e-01	6.618456e-03
7.050000000000005e-01	6.879352e-03
7.060000000000005e-01	7.150533e-03
7.070000000000005e-01	7.432403e-03
7.080000000000005e-01	7.725384e-03
7.090000000000005e-01	8.029914e-03
7.100000000000005e-01	8.346450e-03
7.110000000000005e-01	8.675463e-03
7.120000000000005e-01	9.017444e-03
7.130000000000005e-01	9.372908e-03
7.140000000000005e-01	9.742382e-03
7.150000000000005e-01	1.012642e-02
7.160000000000005e-01	1.052560e-02
7.170000000000005e-01	1.094051e-02
7.180000000000005e-01	1.137178e-02
7.190000000000005e-01	1.182005e-02
7.200000000000005e-01	1.228599e-02
7.210000000000005e-01	1.277030e-02
7.220000000000005e-01	1.327370e-02
7.230000000000005e-01	1.379694e-02
7.240000000000005e-01	1.434081e-02
7.250000000000005e-01	1.490612e-02
7.260000000000005e-01	1.549371e-02
7.270000000000005e-01	1.610446e-02
7.280000000000005e-01	1.673929e-02
7.290000000000005e-01	1.739914e-02
7.300000000000005e-01	1.808501e-02
7.310000000000005e-01	1.879791e-02
7.320000000000005e-01	1.953891e-02
7.330000000000005e-01	2.030913e-02
7.340000000000005e-01	2.110970e-02
7.350000000000005e-01	2.194184e-02
7.360000000000005e-01	2.280677e-02
7.370000000000005e-01	2.370580e-02
7.380000000000005e-01	2.464027e-02
7.390000000000005e-01	2.561158e-02
7.400000000000005e-01	2.662117e-02
7.410000000000005e-01	2.767057e-02
7.420000000000005e-01	2.876133e-02
7.430000000000005e-01	2.989508e-02
7.440000000000005e-01	3.107353e-02
7.450000000000006e-01	3.229843e-02
7.460000000000006e-01	3.357162e-02
7.470000000000006e-01	3.489500e-02
7.480000000000006e-01	3.627054e-02
7.490000000000006e-01	3.770030e-02
7.500000000000006e-01	3.918643e-02
7.510000000000006e-01	4.073114e-02
7.520000000000006e-01	4.233674e-02
7.530000000000006e-01	4.400563e-02
7.540000000000006e-01	4.574031e-02
7.550000000000006e-01	4.754337e-02
7.560000000000006e-01	4.941750e-02
7.570000000000006e-01	5.136551e-02
7.580000000000006e-01	5.339031e-02
7.590000000000006e-01	5.549493e-02
7.600000000000006e-01	5.768251e-02
7.610000000000006e-01	5.995632e-02
7.620000000000006e-01	6.231977e-02
7.630000000000006e-01	6.477638e-02
7.640000000000006e-01	6.732983e-02
7.650000000000006e-01	6.998394e-02
7.660000000000006e-01	7.274267e-02
7.670000000000006e-01	7.561015e-02
7.680000000000006e-01	7.859066e-02
7.690000000000006e-01	8.168866e-02
7.700000000000006e-01	8.490878e-02
7.710000000000006e-01	8.825585e-02
7.720000000000006e-01	9.173484e-02
7.730000000000006e-01	9.535098e-02
7.740000000000006e-01	9.910966e-02
7.750000000000006e-01	1.030165e-01
7.760000000000006e-01	1.070774e-01
7.770000000000006e-01	1.112983e-01
7.780000000000006e-01	1.156856e-01
7.790000000000006e-01	1.202459e-01
7.800000000000006e-01	1.249859e-01
7.810000000000006e-01	1.299128e-01
7.820000000000006e-01	1.350339e-01
7.830000000000006e-01	1.403569e-01
7.840000000000006e-01	1.458897e-01
7.850000000000006e-01	1.516405e-01
7.860000000000006e-01	1.576181e-01
7.870000000000006e-01	1.638314e-01
7.880000000000006e-01	1.702895e-01
7.890000000000006e-01	1.770022e-01
7.900000000000006e-01	1.839796e-01
7.910000000000006e-01	1.912319e-01
7.920000000000006e-01	1.987702e-01
7.930000000000006e-01	2.066056e-01
7.940000000000006e-01	2.147499e-01
7.950000000000006e-01	2.232152e-01
7.960000000000006e-01	2.320143e-01
7.970000000000006e-01	2.411601e-01
7.980000000000006e-01	2.506665e-01
7.990000000000006e-01	2.605477e-01
8.000000000000000e-01	2.708183e-01
