V Fuente	mA Led
0.0   0
0.05  0
0.1   0
0.15  0
0.2   0
0.25  0
0.3   0
0.35  0
0.4   0
0.45  0
0.5   0
0.55  0
0.6   0
0.65  0
0.7   0
0.75  0
0.8   0
0.85  0
0.9   0
0.95  0
1.0   0
1.05  0
1.1   0
1.15  0
1.2   0
1.25  0
1.3   0
1.35  0
1.4   0
1.45  0
1.5   0
1.55  0
1.6   0.1
1.65  0.3
1.7   0.5
1.75  1.03
1.8   1.56
1.85  2.185
1.9   2.81
1.95  5.105
2.0   7.4
2.05  10.675
2.1   13.95
2.135 16.975
2.17  20.0
2.185 20.0
2.2   20.0
2.25  20.0
2.3   20.0
2.35  20.0
2.4   20.0
2.45  20.0
2.5   20.0
2.55  20.0
2.6   20.0
2.65  20.0
2.7   20.0
2.75  20.0
2.8   20.0
2.85  20.0
2.9   20.0
2.95  20.0
3.0   20.0
